0	100.026	550.626	10	10	4.71479	6.28191	99.882	532.951	10	10	4.71038	3.12567	2.32379	-2.32469	100.048	541.626	99.8639	523.951
1	100.026	550.626	10	10	4.71479	6.27953	99.882	532.951	10	10	4.71038	3.1252	2.32417	-2.32469	100.036	541.626	100.043	541.95
2	100.026	550.626	10	10	4.71479	6.26949	99.882	532.951	10	10	4.71038	3.11689	2.33305	-2.32469	100.015	541.626	100.048	541.949
3	100.026	550.626	10	10	4.71479	6.21042	99.882	532.951	10	10	4.71038	3.0598	2.66112	-2.32469	99.9243	541.626	100.122	541.948
4	100.026	550.626	10	10	4.71479	5.96742	99.882	532.951	10	10	4.71038	2.82337	6.23011	-2.32469	99.3932	541.648	100.635	541.919
5	100.026	550.626	10	10	4.71479	0.387733	99.882	532.951	10	10	4.71038	3.53648	7.81781	-2.32469	97.2517	542.064	102.715	541.493
6	100.026	550.626	10	10	4.71479	5.91907	99.882	532.951	10	10	4.71038	2.78066	7.02061	-2.32469	103.449	542.302	96.4364	541.265
7	100.026	550.626	10	10	4.71479	0.364695	99.882	532.951	10	10	4.71038	3.51121	7.39357	-2.32469	96.8411	542.208	103.077	541.365
8	100.026	550.626	10	10	4.71479	5.90755	99.882	532.951	10	10	4.71038	2.77014	7.21326	-2.32469	103.256	542.225	96.6475	541.35
9	100.026	550.626	10	10	4.71479	0.359513	99.882	532.951	10	10	4.71038	3.50561	7.29905	-2.32469	96.7443	542.245	103.166	541.331
10	100.026	550.626	10	10	4.71479	5.90491	99.882	532.951	10	10	4.71038	2.76768	7.25792	-2.32469	103.213	542.209	96.6947	541.368
11	100.026	550.626	10	10	4.71479	0.358326	99.882	532.951	10	10	4.71038	3.50434	7.27757	-2.32469	96.7222	542.254	103.186	541.323
12	100.026	550.626	10	10	4.71479	5.90431	99.882	532.951	10	10	4.71038	2.76711	7.26817	-2.32469	103.203	542.205	96.7053	541.372
13	100.026	550.626	10	10	4.71479	0.358053	99.882	532.951	10	10	4.71038	3.50406	7.27266	-2.32469	96.7171	542.256	103.191	541.321
14	100.026	550.626	10	10	4.71479	5.90417	99.882	532.951	10	10	4.71038	2.76698	7.27051	-2.32469	103.2	542.204	96.7077	541.373
15	100.026	550.626	10	10	4.71479	0.357991	99.882	532.951	10	10	4.71038	3.50399	7.27154	-2.32469	96.716	542.256	103.192	541.32
16	100.026	550.626	10	10	4.71479	5.90414	99.882	532.951	10	10	4.71038	2.76695	7.27105	-2.32469	103.2	542.204	96.7083	541.373
17	100.026	550.626	10	10	4.71479	0.357976	99.882	532.951	10	10	4.71038	3.50398	7.27129	-2.32469	96.7157	542.257	103.192	541.32
18	100.026	550.626	10	10	4.71479	5.90413	99.882	532.951	10	10	4.71038	2.76694	7.27117	-2.32469	103.2	542.204	96.7084	541.373
19	100.026	550.626	10	10	4.71479	0.357973	99.882	532.951	10	10	4.71038	3.50397	7.27123	-2.32469	96.7157	542.257	103.192	541.32
20	100.026	550.626	10	10	4.71479	5.90413	99.882	532.951	10	10	4.71038	2.76694	7.2712	-2.32469	103.2	542.204	96.7084	541.373
21	100.026	550.626	10	10	4.71479	0.357972	99.882	532.951	10	10	4.71038	3.50397	7.27121	-2.32469	96.7157	542.257	103.192	541.32
22	100.026	550.626	10	10	4.71479	5.90413	99.882	532.951	10	10	4.71038	2.76694	7.27121	-2.32469	103.2	542.204	96.7084	541.373
23	100.026	550.626	10	10	4.71479	0.357972	99.882	532.951	10	10	4.71038	3.50397	7.27121	-2.32469	96.7157	542.257	103.192	541.32
24	100.026	550.626	10	10	4.71479	5.90413	99.882	532.951	10	10	4.71038	2.76694	7.27121	-2.32469	103.2	542.204	96.7085	541.373
25	100.026	550.626	10	10	4.71479	0.357972	99.882	532.951	10	10	4.71038	3.50397	7.27121	-2.32469	96.7157	542.257	103.192	541.32
26	100.026	550.626	10	10	4.71479	5.90413	99.882	532.951	10	10	4.71038	2.76694	7.27121	-2.32469	103.2	542.204	96.7085	541.373
27	100.026	550.626	10	10	4.71479	0.357972	99.882	532.951	10	10	4.71038	3.50397	7.27121	-2.32469	96.7157	542.257	103.192	541.32
28	100.026	550.626	10	10	4.71479	5.90413	99.882	532.951	10	10	4.71038	2.76694	7.27121	-2.32469	103.2	542.204	96.7085	541.373
29	100.026	550.626	10	10	4.71479	0.357972	99.882	532.951	10	10	4.71038	3.50397	7.27121	-2.32469	96.7157	542.257	103.192	541.32
30	100.026	550.626	10	10	4.71479	5.90413	99.882	532.951	10	10	4.71038	2.76694	7.27121	-2.32469	103.2	542.204	96.7085	541.373
31	100.026	550.626	10	10	4.71479	0.357972	99.882	532.951	10	10	4.71038	3.50397	7.27121	-2.32469	96.7157	542.257	103.192	541.32
32	100.026	550.626	10	10	4.71479	5.90413	99.882	532.951	10	10	4.71038	2.76694	7.27121	-2.32469	103.2	542.204	96.7085	541.373
33	100.026	550.626	10	10	4.71479	0.357972	99.882	532.951	10	10	4.71038	3.50397	7.27121	-2.32469	96.7157	542.257	103.192	541.32
34	100.026	550.626	10	10	4.71479	5.90413	99.882	532.951	10	10	4.71038	2.76694	7.27121	-2.32469	103.2	542.204	96.7085	541.373
35	100.026	550.626	10	10	4.71479	0.357972	99.882	532.951	10	10	4.71038	3.50397	7.27121	-2.32469	96.7157	542.257	103.192	541.32
36	100.026	550.626	10	10	4.71479	5.90413	99.882	532.951	10	10	4.71038	2.76694	7.27121	-2.32469	103.2	542.204	96.7085	541.373
37	100.026	550.626	10	10	4.71479	0.357972	99.882	532.951	10	10	4.71038	3.50397	7.27121	-2.32469	96.7157	542.257	103.192	541.32
38	100.026	550.626	10	10	4.71479	5.90413	99.882	532.951	10	10	4.71038	2.76694	7.27121	-2.32469	103.2	542.204	96.7085	541.373
39	100.026	550.626	10	10	4.71479	0.357972	99.882	532.951	10	10	4.71038	3.50397	7.27121	-2.32469	96.7157	542.257	103.192	541.32
40	100.026	550.626	10	10	4.71479	5.90413	99.882	532.951	10	10	4.71038	2.76694	7.27121	-2.32469	103.2	542.204	96.7085	541.373
41	100.026	550.626	10	10	4.71479	0.357972	99.882	532.951	10	10	4.71038	3.50397	7.27121	-2.32469	96.7157	542.257	103.192	541.32
42	100.026	550.626	10	10	4.71479	5.90413	99.882	532.951	10	10	4.71038	2.76694	7.27121	-2.32469	103.2	542.204	96.7085	541.373
43	100.026	550.626	10	10	4.71479	0.357972	99.882	532.951	10	10	4.71038	3.50397	7.27121	-2.32469	96.7157	542.257	103.192	541.32
44	100.026	550.626	10	10	4.71479	5.90413	99.882	532.951	10	10	4.71038	2.76694	7.27121	-2.32469	103.2	542.204	96.7085	541.373
45	100.026	550.626	10	10	4.71479	0.357972	99.882	532.951	10	10	4.71038	3.50397	7.27121	-2.32469	96.7157	542.257	103.192	541.32
46	100.026	550.626	10	10	4.71479	5.90413	99.882	532.951	10	10	4.71038	2.76694	7.27121	-2.32469	103.2	542.204	96.7085	541.373
47	100.026	550.626	10	10	4.71479	0.357972	99.882	532.951	10	10	4.71038	3.50397	7.27121	-2.32469	96.7157	542.257	103.192	541.32
48	100.026	550.626	10	10	4.71479	5.90413	99.882	532.951	10	10	4.71038	2.76694	7.27121	-2.32469	103.2	542.204	96.7085	541.373
49	100.026	550.626	10	10	4.71479	0.357972	99.882	532.951	10	10	4.71038	3.50397	7.27121	-2.32469	96.7157	542.257	103.192	541.32
50	100.026	550.626	10	10	4.71479	5.90413	99.882	532.951	10	10	4.71038	2.76694	7.27121	-2.32469	103.2	542.204	96.7085	541.373
51	100.026	550.626	10	10	4.71479	0.357972	99.882	532.951	10	10	4.71038	3.50397	7.27121	-2.32469	96.7157	542.257	103.192	541.32
52	100.026	550.626	10	10	4.71479	5.90413	99.882	532.951	10	10	4.71038	2.76694	7.27121	-2.32469	103.2	542.204	96.7085	541.373
53	100.026	550.626	10	10	4.71479	0.357972	99.882	532.951	10	10	4.71038	3.50397	7.27121	-2.32469	96.7157	542.257	103.192	541.32
54	100.026	550.626	10	10	4.71479	5.90413	99.882	532.951	10	10	4.71038	2.76694	7.27121	-2.32469	103.2	542.204	96.7085	541.373
55	100.026	550.626	10	10	4.71479	0.357972	99.882	532.951	10	10	4.71038	3.50397	7.27121	-2.32469	96.7157	542.257	103.192	541.32
56	100.026	550.626	10	10	4.71479	5.90413	99.882	532.951	10	10	4.71038	2.76694	7.27121	-2.32469	103.2	542.204	96.7085	541.373
57	100.026	550.626	10	10	4.71479	0.357972	99.882	532.951	10	10	4.71038	3.50397	7.27121	-2.32469	96.7157	542.257	103.192	541.32
58	100.026	550.626	10	10	4.71479	5.90413	99.882	532.951	10	10	4.71038	2.76694	7.27121	-2.32469	103.2	542.204	96.7085	541.373
59	100.026	550.626	10	10	4.71479	0.357972	99.882	532.951	10	10	4.71038	3.50397	7.27121	-2.32469	96.7157	542.257	103.192	541.32
60	100.026	550.626	10	10	4.71479	5.90413	99.882	532.951	10	10	4.71038	2.76694	7.27121	-2.32469	103.2	542.204	96.7085	541.373
61	100.026	550.626	10	10	4.71479	0.357972	99.882	532.951	10	10	4.71038	3.50397	7.27121	-2.32469	96.7157	542.257	103.192	541.32
62	100.026	550.626	10	10	4.71479	5.90413	99.882	532.951	10	10	4.71038	2.76694	7.27121	-2.32469	103.2	542.204	96.7085	541.373
63	100.026	550.626	10	10	4.71479	0.357972	99.882	532.951	10	10	4.71038	3.50397	7.27121	-2.32469	96.7157	542.257	103.192	541.32
64	100.026	550.626	10	10	4.71479	5.90413	99.882	532.951	10	10	4.71038	2.76694	7.27121	-2.32469	103.2	542.204	96.7085	541.373
65	100.026	550.626	10	10	4.71479	0.357972	99.882	532.951	10	10	4.71038	3.50397	7.27121	-2.32469	96.7157	542.257	103.192	541.32
66	100.026	550.626	10	10	4.71479	5.90413	99.882	532.951	10	10	4.71038	2.76694	7.27121	-2.32469	103.2	542.204	96.7085	541.373
67	100.026	550.626	10	10	4.71479	0.357972	99.882	532.951	10	10	4.71038	3.50397	7.27121	-2.32469	96.7157	542.257	103.192	541.32
68	100.026	550.626	10	10	4.71479	5.90413	99.882	532.951	10	10	4.71038	2.76694	7.27121	-2.32469	103.2	542.204	96.7085	541.373
69	100.026	550.626	10	10	4.71479	0.357972	99.882	532.951	10	10	4.71038	3.50397	7.27121	-2.32469	96.7157	542.257	103.192	541.32
70	100.026	550.626	10	10	4.71479	5.90413	99.882	532.951	10	10	4.71038	2.76694	7.27121	-2.32469	103.2	542.204	96.7085	541.373
71	100.026	550.626	10	10	4.71479	0.357972	99.882	532.951	10	10	4.71038	3.50397	7.27121	-2.32469	96.7157	542.257	103.192	541.32
72	100.026	550.626	10	10	4.71479	5.90413	99.882	532.951	10	10	4.71038	2.76694	7.27121	-2.32469	103.2	542.204	96.7085	541.373
73	100.026	550.626	10	10	4.71479	0.357972	99.882	532.951	10	10	4.71038	3.50397	7.27121	-2.32469	96.7157	542.257	103.192	541.32
74	100.026	550.626	10	10	4.71479	5.90413	99.882	532.951	10	10	4.71038	2.76694	7.27121	-2.32469	103.2	542.204	96.7085	541.373
75	100.026	550.626	10	10	4.71479	0.357972	99.882	532.951	10	10	4.71038	3.50397	7.27121	-2.32469	96.7157	542.257	103.192	541.32
76	100.026	550.626	10	10	4.71479	5.90413	99.882	532.951	10	10	4.71038	2.76694	7.27121	-2.32469	103.2	542.204	96.7085	541.373
77	100.026	550.626	10	10	4.71479	0.357972	99.882	532.951	10	10	4.71038	3.50397	7.27121	-2.32469	96.7157	542.257	103.192	541.32
78	100.026	550.626	10	10	4.71479	5.90413	99.882	532.951	10	10	4.71038	2.76694	7.27121	-2.32469	103.2	542.204	96.7085	541.373
79	100.026	550.626	10	10	4.71479	0.357972	99.882	532.951	10	10	4.71038	3.50397	7.27121	-2.32469	96.7157	542.257	103.192	541.32
80	100.026	550.626	10	10	4.71479	5.90413	99.882	532.951	10	10	4.71038	2.76694	7.27121	-2.32469	103.2	542.204	96.7085	541.373
81	100.026	550.626	10	10	4.71479	0.357972	99.882	532.951	10	10	4.71038	3.50397	7.27121	-2.32469	96.7157	542.257	103.192	541.32
82	100.026	550.626	10	10	4.71479	5.90413	99.882	532.951	10	10	4.71038	2.76694	7.27121	-2.32469	103.2	542.204	96.7085	541.373
83	100.026	550.626	10	10	4.71479	0.357972	99.882	532.951	10	10	4.71038	3.50397	7.27121	-2.32469	96.7157	542.257	103.192	541.32
84	100.026	550.626	10	10	4.71479	5.90413	99.882	532.951	10	10	4.71038	2.76694	7.27121	-2.32469	103.2	542.204	96.7085	541.373
85	100.026	550.626	10	10	4.71479	0.357972	99.882	532.951	10	10	4.71038	3.50397	7.27121	-2.32469	96.7157	542.257	103.192	541.32
86	100.026	550.626	10	10	4.71479	5.90413	99.882	532.951	10	10	4.71038	2.76694	7.27121	-2.32469	103.2	542.204	96.7085	541.373
87	100.026	550.626	10	10	4.71479	0.357972	99.882	532.951	10	10	4.71038	3.50397	7.27121	-2.32469	96.7157	542.257	103.192	541.32
88	100.026	550.626	10	10	4.71479	5.90413	99.882	532.951	10	10	4.71038	2.76694	7.27121	-2.32469	103.2	542.204	96.7085	541.373
89	100.026	550.626	10	10	4.71479	0.357972	99.882	532.951	10	10	4.71038	3.50397	7.27121	-2.32469	96.7157	542.257	103.192	541.32
90	100.026	550.626	10	10	4.71479	5.90413	99.882	532.951	10	10	4.71038	2.76694	7.27121	-2.32469	103.2	542.204	96.7085	541.373
91	100.026	550.626	10	10	4.71479	0.357972	99.882	532.951	10	10	4.71038	3.50397	7.27121	-2.32469	96.7157	542.257	103.192	541.32
92	100.026	550.626	10	10	4.71479	5.90413	99.882	532.951	10	10	4.71038	2.76694	7.27121	-2.32469	103.2	542.204	96.7085	541.373
93	100.026	550.626	10	10	4.71479	0.357972	99.882	532.951	10	10	4.71038	3.50397	7.27121	-2.32469	96.7157	542.257	103.192	541.32
94	100.026	550.626	10	10	4.71479	5.90413	99.882	532.951	10	10	4.71038	2.76694	7.27121	-2.32469	103.2	542.204	96.7085	541.373
95	100.026	550.626	10	10	4.71479	0.357972	99.882	532.951	10	10	4.71038	3.50397	7.27121	-2.32469	96.7157	542.257	103.192	541.32
96	100.026	550.626	10	10	4.71479	5.90413	99.882	532.951	10	10	4.71038	2.76694	7.27121	-2.32469	103.2	542.204	96.7085	541.373
97	100.026	550.626	10	10	4.71479	0.357972	99.882	532.951	10	10	4.71038	3.50397	7.27121	-2.32469	96.7157	542.257	103.192	541.32
98	100.026	550.626	10	10	4.71479	5.90413	99.882	532.951	10	10	4.71038	2.76694	7.27121	-2.32469	103.2	542.204	96.7085	541.373
99	100.026	550.626	10	10	4.71479	0.357972	99.882	532.951	10	10	4.71038	3.50397	7.27121	-2.32469	96.7157	542.257	103.192	541.32
1	100.026	550.626	10	10	4.71479	0.357972	99.882	532.951	10	10	4.71038	3.50397	7.27121	-2.32469
0	99.882	532.951	10	10	4.71038	3.12567	100.026	550.626	10	10	4.71479	6.28191	2.32379	-2.32469	99.8639	523.951	100.048	541.626
1	99.882	532.951	10	10	4.71038	3.1252	100.026	550.626	10	10	4.71479	6.27953	2.32417	-2.32469	100.043	541.95	100.036	541.626
2	99.882	532.951	10	10	4.71038	3.11689	100.026	550.626	10	10	4.71479	6.26949	2.33305	-2.32469	100.048	541.949	100.015	541.626
3	99.882	532.951	10	10	4.71038	3.0598	100.026	550.626	10	10	4.71479	6.21042	2.66112	-2.32469	100.122	541.948	99.9243	541.626
4	99.882	532.951	10	10	4.71038	2.82337	100.026	550.626	10	10	4.71479	5.96742	6.23011	-2.32469	100.635	541.919	99.3932	541.648
5	99.882	532.951	10	10	4.71038	3.53648	100.026	550.626	10	10	4.71479	0.387733	7.81781	-2.32469	102.715	541.493	97.2517	542.064
6	99.882	532.951	10	10	4.71038	2.78066	100.026	550.626	10	10	4.71479	5.91907	7.02061	-2.32469	96.4364	541.265	103.449	542.302
7	99.882	532.951	10	10	4.71038	3.51121	100.026	550.626	10	10	4.71479	0.364695	7.39357	-2.32469	103.077	541.365	96.8411	542.208
8	99.882	532.951	10	10	4.71038	2.77014	100.026	550.626	10	10	4.71479	5.90755	7.21326	-2.32469	96.6475	541.35	103.256	542.225
9	99.882	532.951	10	10	4.71038	3.50561	100.026	550.626	10	10	4.71479	0.359513	7.29905	-2.32469	103.166	541.331	96.7443	542.245
10	99.882	532.951	10	10	4.71038	2.76768	100.026	550.626	10	10	4.71479	5.90491	7.25792	-2.32469	96.6947	541.368	103.213	542.209
11	99.882	532.951	10	10	4.71038	3.50434	100.026	550.626	10	10	4.71479	0.358326	7.27757	-2.32469	103.186	541.323	96.7222	542.254
12	99.882	532.951	10	10	4.71038	2.76711	100.026	550.626	10	10	4.71479	5.90431	7.26817	-2.32469	96.7053	541.372	103.203	542.205
13	99.882	532.951	10	10	4.71038	3.50406	100.026	550.626	10	10	4.71479	0.358053	7.27266	-2.32469	103.191	541.321	96.7171	542.256
14	99.882	532.951	10	10	4.71038	2.76698	100.026	550.626	10	10	4.71479	5.90417	7.27051	-2.32469	96.7077	541.373	103.2	542.204
15	99.882	532.951	10	10	4.71038	3.50399	100.026	550.626	10	10	4.71479	0.357991	7.27154	-2.32469	103.192	541.32	96.716	542.256
16	99.882	532.951	10	10	4.71038	2.76695	100.026	550.626	10	10	4.71479	5.90414	7.27105	-2.32469	96.7083	541.373	103.2	542.204
17	99.882	532.951	10	10	4.71038	3.50398	100.026	550.626	10	10	4.71479	0.357976	7.27129	-2.32469	103.192	541.32	96.7157	542.257
18	99.882	532.951	10	10	4.71038	2.76694	100.026	550.626	10	10	4.71479	5.90413	7.27117	-2.32469	96.7084	541.373	103.2	542.204
19	99.882	532.951	10	10	4.71038	3.50397	100.026	550.626	10	10	4.71479	0.357973	7.27123	-2.32469	103.192	541.32	96.7157	542.257
20	99.882	532.951	10	10	4.71038	2.76694	100.026	550.626	10	10	4.71479	5.90413	7.2712	-2.32469	96.7084	541.373	103.2	542.204
21	99.882	532.951	10	10	4.71038	3.50397	100.026	550.626	10	10	4.71479	0.357972	7.27121	-2.32469	103.192	541.32	96.7157	542.257
22	99.882	532.951	10	10	4.71038	2.76694	100.026	550.626	10	10	4.71479	5.90413	7.27121	-2.32469	96.7084	541.373	103.2	542.204
23	99.882	532.951	10	10	4.71038	3.50397	100.026	550.626	10	10	4.71479	0.357972	7.27121	-2.32469	103.192	541.32	96.7157	542.257
24	99.882	532.951	10	10	4.71038	2.76694	100.026	550.626	10	10	4.71479	5.90413	7.27121	-2.32469	96.7085	541.373	103.2	542.204
25	99.882	532.951	10	10	4.71038	3.50397	100.026	550.626	10	10	4.71479	0.357972	7.27121	-2.32469	103.192	541.32	96.7157	542.257
26	99.882	532.951	10	10	4.71038	2.76694	100.026	550.626	10	10	4.71479	5.90413	7.27121	-2.32469	96.7085	541.373	103.2	542.204
27	99.882	532.951	10	10	4.71038	3.50397	100.026	550.626	10	10	4.71479	0.357972	7.27121	-2.32469	103.192	541.32	96.7157	542.257
28	99.882	532.951	10	10	4.71038	2.76694	100.026	550.626	10	10	4.71479	5.90413	7.27121	-2.32469	96.7085	541.373	103.2	542.204
29	99.882	532.951	10	10	4.71038	3.50397	100.026	550.626	10	10	4.71479	0.357972	7.27121	-2.32469	103.192	541.32	96.7157	542.257
30	99.882	532.951	10	10	4.71038	2.76694	100.026	550.626	10	10	4.71479	5.90413	7.27121	-2.32469	96.7085	541.373	103.2	542.204
31	99.882	532.951	10	10	4.71038	3.50397	100.026	550.626	10	10	4.71479	0.357972	7.27121	-2.32469	103.192	541.32	96.7157	542.257
32	99.882	532.951	10	10	4.71038	2.76694	100.026	550.626	10	10	4.71479	5.90413	7.27121	-2.32469	96.7085	541.373	103.2	542.204
33	99.882	532.951	10	10	4.71038	3.50397	100.026	550.626	10	10	4.71479	0.357972	7.27121	-2.32469	103.192	541.32	96.7157	542.257
34	99.882	532.951	10	10	4.71038	2.76694	100.026	550.626	10	10	4.71479	5.90413	7.27121	-2.32469	96.7085	541.373	103.2	542.204
35	99.882	532.951	10	10	4.71038	3.50397	100.026	550.626	10	10	4.71479	0.357972	7.27121	-2.32469	103.192	541.32	96.7157	542.257
36	99.882	532.951	10	10	4.71038	2.76694	100.026	550.626	10	10	4.71479	5.90413	7.27121	-2.32469	96.7085	541.373	103.2	542.204
37	99.882	532.951	10	10	4.71038	3.50397	100.026	550.626	10	10	4.71479	0.357972	7.27121	-2.32469	103.192	541.32	96.7157	542.257
38	99.882	532.951	10	10	4.71038	2.76694	100.026	550.626	10	10	4.71479	5.90413	7.27121	-2.32469	96.7085	541.373	103.2	542.204
39	99.882	532.951	10	10	4.71038	3.50397	100.026	550.626	10	10	4.71479	0.357972	7.27121	-2.32469	103.192	541.32	96.7157	542.257
40	99.882	532.951	10	10	4.71038	2.76694	100.026	550.626	10	10	4.71479	5.90413	7.27121	-2.32469	96.7085	541.373	103.2	542.204
41	99.882	532.951	10	10	4.71038	3.50397	100.026	550.626	10	10	4.71479	0.357972	7.27121	-2.32469	103.192	541.32	96.7157	542.257
42	99.882	532.951	10	10	4.71038	2.76694	100.026	550.626	10	10	4.71479	5.90413	7.27121	-2.32469	96.7085	541.373	103.2	542.204
43	99.882	532.951	10	10	4.71038	3.50397	100.026	550.626	10	10	4.71479	0.357972	7.27121	-2.32469	103.192	541.32	96.7157	542.257
44	99.882	532.951	10	10	4.71038	2.76694	100.026	550.626	10	10	4.71479	5.90413	7.27121	-2.32469	96.7085	541.373	103.2	542.204
45	99.882	532.951	10	10	4.71038	3.50397	100.026	550.626	10	10	4.71479	0.357972	7.27121	-2.32469	103.192	541.32	96.7157	542.257
46	99.882	532.951	10	10	4.71038	2.76694	100.026	550.626	10	10	4.71479	5.90413	7.27121	-2.32469	96.7085	541.373	103.2	542.204
47	99.882	532.951	10	10	4.71038	3.50397	100.026	550.626	10	10	4.71479	0.357972	7.27121	-2.32469	103.192	541.32	96.7157	542.257
48	99.882	532.951	10	10	4.71038	2.76694	100.026	550.626	10	10	4.71479	5.90413	7.27121	-2.32469	96.7085	541.373	103.2	542.204
49	99.882	532.951	10	10	4.71038	3.50397	100.026	550.626	10	10	4.71479	0.357972	7.27121	-2.32469	103.192	541.32	96.7157	542.257
50	99.882	532.951	10	10	4.71038	2.76694	100.026	550.626	10	10	4.71479	5.90413	7.27121	-2.32469	96.7085	541.373	103.2	542.204
51	99.882	532.951	10	10	4.71038	3.50397	100.026	550.626	10	10	4.71479	0.357972	7.27121	-2.32469	103.192	541.32	96.7157	542.257
52	99.882	532.951	10	10	4.71038	2.76694	100.026	550.626	10	10	4.71479	5.90413	7.27121	-2.32469	96.7085	541.373	103.2	542.204
53	99.882	532.951	10	10	4.71038	3.50397	100.026	550.626	10	10	4.71479	0.357972	7.27121	-2.32469	103.192	541.32	96.7157	542.257
54	99.882	532.951	10	10	4.71038	2.76694	100.026	550.626	10	10	4.71479	5.90413	7.27121	-2.32469	96.7085	541.373	103.2	542.204
55	99.882	532.951	10	10	4.71038	3.50397	100.026	550.626	10	10	4.71479	0.357972	7.27121	-2.32469	103.192	541.32	96.7157	542.257
56	99.882	532.951	10	10	4.71038	2.76694	100.026	550.626	10	10	4.71479	5.90413	7.27121	-2.32469	96.7085	541.373	103.2	542.204
57	99.882	532.951	10	10	4.71038	3.50397	100.026	550.626	10	10	4.71479	0.357972	7.27121	-2.32469	103.192	541.32	96.7157	542.257
58	99.882	532.951	10	10	4.71038	2.76694	100.026	550.626	10	10	4.71479	5.90413	7.27121	-2.32469	96.7085	541.373	103.2	542.204
59	99.882	532.951	10	10	4.71038	3.50397	100.026	550.626	10	10	4.71479	0.357972	7.27121	-2.32469	103.192	541.32	96.7157	542.257
60	99.882	532.951	10	10	4.71038	2.76694	100.026	550.626	10	10	4.71479	5.90413	7.27121	-2.32469	96.7085	541.373	103.2	542.204
61	99.882	532.951	10	10	4.71038	3.50397	100.026	550.626	10	10	4.71479	0.357972	7.27121	-2.32469	103.192	541.32	96.7157	542.257
62	99.882	532.951	10	10	4.71038	2.76694	100.026	550.626	10	10	4.71479	5.90413	7.27121	-2.32469	96.7085	541.373	103.2	542.204
63	99.882	532.951	10	10	4.71038	3.50397	100.026	550.626	10	10	4.71479	0.357972	7.27121	-2.32469	103.192	541.32	96.7157	542.257
64	99.882	532.951	10	10	4.71038	2.76694	100.026	550.626	10	10	4.71479	5.90413	7.27121	-2.32469	96.7085	541.373	103.2	542.204
65	99.882	532.951	10	10	4.71038	3.50397	100.026	550.626	10	10	4.71479	0.357972	7.27121	-2.32469	103.192	541.32	96.7157	542.257
66	99.882	532.951	10	10	4.71038	2.76694	100.026	550.626	10	10	4.71479	5.90413	7.27121	-2.32469	96.7085	541.373	103.2	542.204
67	99.882	532.951	10	10	4.71038	3.50397	100.026	550.626	10	10	4.71479	0.357972	7.27121	-2.32469	103.192	541.32	96.7157	542.257
68	99.882	532.951	10	10	4.71038	2.76694	100.026	550.626	10	10	4.71479	5.90413	7.27121	-2.32469	96.7085	541.373	103.2	542.204
69	99.882	532.951	10	10	4.71038	3.50397	100.026	550.626	10	10	4.71479	0.357972	7.27121	-2.32469	103.192	541.32	96.7157	542.257
70	99.882	532.951	10	10	4.71038	2.76694	100.026	550.626	10	10	4.71479	5.90413	7.27121	-2.32469	96.7085	541.373	103.2	542.204
71	99.882	532.951	10	10	4.71038	3.50397	100.026	550.626	10	10	4.71479	0.357972	7.27121	-2.32469	103.192	541.32	96.7157	542.257
72	99.882	532.951	10	10	4.71038	2.76694	100.026	550.626	10	10	4.71479	5.90413	7.27121	-2.32469	96.7085	541.373	103.2	542.204
73	99.882	532.951	10	10	4.71038	3.50397	100.026	550.626	10	10	4.71479	0.357972	7.27121	-2.32469	103.192	541.32	96.7157	542.257
74	99.882	532.951	10	10	4.71038	2.76694	100.026	550.626	10	10	4.71479	5.90413	7.27121	-2.32469	96.7085	541.373	103.2	542.204
75	99.882	532.951	10	10	4.71038	3.50397	100.026	550.626	10	10	4.71479	0.357972	7.27121	-2.32469	103.192	541.32	96.7157	542.257
76	99.882	532.951	10	10	4.71038	2.76694	100.026	550.626	10	10	4.71479	5.90413	7.27121	-2.32469	96.7085	541.373	103.2	542.204
77	99.882	532.951	10	10	4.71038	3.50397	100.026	550.626	10	10	4.71479	0.357972	7.27121	-2.32469	103.192	541.32	96.7157	542.257
78	99.882	532.951	10	10	4.71038	2.76694	100.026	550.626	10	10	4.71479	5.90413	7.27121	-2.32469	96.7085	541.373	103.2	542.204
79	99.882	532.951	10	10	4.71038	3.50397	100.026	550.626	10	10	4.71479	0.357972	7.27121	-2.32469	103.192	541.32	96.7157	542.257
80	99.882	532.951	10	10	4.71038	2.76694	100.026	550.626	10	10	4.71479	5.90413	7.27121	-2.32469	96.7085	541.373	103.2	542.204
81	99.882	532.951	10	10	4.71038	3.50397	100.026	550.626	10	10	4.71479	0.357972	7.27121	-2.32469	103.192	541.32	96.7157	542.257
82	99.882	532.951	10	10	4.71038	2.76694	100.026	550.626	10	10	4.71479	5.90413	7.27121	-2.32469	96.7085	541.373	103.2	542.204
83	99.882	532.951	10	10	4.71038	3.50397	100.026	550.626	10	10	4.71479	0.357972	7.27121	-2.32469	103.192	541.32	96.7157	542.257
84	99.882	532.951	10	10	4.71038	2.76694	100.026	550.626	10	10	4.71479	5.90413	7.27121	-2.32469	96.7085	541.373	103.2	542.204
85	99.882	532.951	10	10	4.71038	3.50397	100.026	550.626	10	10	4.71479	0.357972	7.27121	-2.32469	103.192	541.32	96.7157	542.257
86	99.882	532.951	10	10	4.71038	2.76694	100.026	550.626	10	10	4.71479	5.90413	7.27121	-2.32469	96.7085	541.373	103.2	542.204
87	99.882	532.951	10	10	4.71038	3.50397	100.026	550.626	10	10	4.71479	0.357972	7.27121	-2.32469	103.192	541.32	96.7157	542.257
88	99.882	532.951	10	10	4.71038	2.76694	100.026	550.626	10	10	4.71479	5.90413	7.27121	-2.32469	96.7085	541.373	103.2	542.204
89	99.882	532.951	10	10	4.71038	3.50397	100.026	550.626	10	10	4.71479	0.357972	7.27121	-2.32469	103.192	541.32	96.7157	542.257
90	99.882	532.951	10	10	4.71038	2.76694	100.026	550.626	10	10	4.71479	5.90413	7.27121	-2.32469	96.7085	541.373	103.2	542.204
91	99.882	532.951	10	10	4.71038	3.50397	100.026	550.626	10	10	4.71479	0.357972	7.27121	-2.32469	103.192	541.32	96.7157	542.257
92	99.882	532.951	10	10	4.71038	2.76694	100.026	550.626	10	10	4.71479	5.90413	7.27121	-2.32469	96.7085	541.373	103.2	542.204
93	99.882	532.951	10	10	4.71038	3.50397	100.026	550.626	10	10	4.71479	0.357972	7.27121	-2.32469	103.192	541.32	96.7157	542.257
94	99.882	532.951	10	10	4.71038	2.76694	100.026	550.626	10	10	4.71479	5.90413	7.27121	-2.32469	96.7085	541.373	103.2	542.204
95	99.882	532.951	10	10	4.71038	3.50397	100.026	550.626	10	10	4.71479	0.357972	7.27121	-2.32469	103.192	541.32	96.7157	542.257
96	99.882	532.951	10	10	4.71038	2.76694	100.026	550.626	10	10	4.71479	5.90413	7.27121	-2.32469	96.7085	541.373	103.2	542.204
97	99.882	532.951	10	10	4.71038	3.50397	100.026	550.626	10	10	4.71479	0.357972	7.27121	-2.32469	103.192	541.32	96.7157	542.257
98	99.882	532.951	10	10	4.71038	2.76694	100.026	550.626	10	10	4.71479	5.90413	7.27121	-2.32469	96.7085	541.373	103.2	542.204
99	99.882	532.951	10	10	4.71038	3.50397	100.026	550.626	10	10	4.71479	0.357972	7.27121	-2.32469	103.192	541.32	96.7157	542.257
1	99.882	532.951	10	10	4.71038	3.50397	100.026	550.626	10	10	4.71479	0.357972	7.27121	-2.32469
0	100.025	550.319	10	10	4.71477	6.2819	99.8808	532.691	10	10	4.71034	3.1256	2.37026	-2.37117	100.047	541.319	99.8624	523.691
1	100.025	550.319	10	10	4.71477	6.27967	99.8808	532.691	10	10	4.71034	3.12528	2.37061	-2.37117	100.035	541.319	100.043	541.689
2	100.025	550.319	10	10	4.71477	6.27145	99.8808	532.691	10	10	4.71034	3.1188	2.37645	-2.37117	100.015	541.319	100.046	541.689
3	100.025	550.319	10	10	4.71477	6.22868	99.8808	532.691	10	10	4.71034	3.07781	2.55519	-2.37117	99.9413	541.319	100.104	541.688
4	100.025	550.319	10	10	4.71477	6.03788	99.8808	532.691	10	10	4.71034	2.89196	5.06778	-2.37117	99.5566	541.331	100.473	541.671
5	100.025	550.319	10	10	4.71477	0.447535	99.8808	532.691	10	10	4.71034	3.59697	8.88068	-2.37117	97.8606	541.583	102.122	541.407
6	100.025	550.319	10	10	4.71477	5.93588	99.8808	532.691	10	10	4.71034	2.79705	6.73913	-2.37117	103.939	542.214	95.9392	540.782
7	100.025	550.319	10	10	4.71477	0.383945	99.8808	532.691	10	10	4.71034	3.53068	7.73888	-2.37117	96.9823	541.849	102.938	541.155
8	100.025	550.319	10	10	4.71477	5.90693	99.8808	532.691	10	10	4.71034	2.76945	7.23073	-2.37117	103.417	541.982	96.4838	541.025
9	100.025	550.319	10	10	4.71477	0.369327	99.8808	532.691	10	10	4.71034	3.51549	7.47799	-2.37117	96.7385	541.941	103.171	541.068
10	100.025	550.319	10	10	4.71477	5.89968	99.8808	532.691	10	10	4.71034	2.76246	7.35511	-2.37117	103.294	541.933	96.6108	541.075
11	100.025	550.319	10	10	4.71477	0.365811	99.8808	532.691	10	10	4.71034	3.51187	7.41554	-2.37117	96.6778	541.965	103.229	541.045
12	100.025	550.319	10	10	4.71477	5.8979	99.8808	532.691	10	10	4.71034	2.76073	7.38567	-2.37117	103.265	541.922	96.6412	541.087
13	100.025	550.319	10	10	4.71477	0.364956	99.8808	532.691	10	10	4.71034	3.51099	7.4004	-2.37117	96.663	541.971	103.243	541.039
14	100.025	550.319	10	10	4.71477	5.89747	99.8808	532.691	10	10	4.71034	2.76031	7.39313	-2.37117	103.258	541.919	96.6486	541.09
15	100.025	550.319	10	10	4.71477	0.364747	99.8808	532.691	10	10	4.71034	3.51078	7.39671	-2.37117	96.6594	541.972	103.247	541.037
16	100.025	550.319	10	10	4.71477	5.89737	99.8808	532.691	10	10	4.71034	2.76021	7.39494	-2.37117	103.256	541.919	96.6504	541.091
17	100.025	550.319	10	10	4.71477	0.364696	99.8808	532.691	10	10	4.71034	3.51072	7.39582	-2.37117	96.6585	541.972	103.248	541.037
18	100.025	550.319	10	10	4.71477	5.89734	99.8808	532.691	10	10	4.71034	2.76018	7.39539	-2.37117	103.255	541.918	96.6508	541.091
19	100.025	550.319	10	10	4.71477	0.364684	99.8808	532.691	10	10	4.71034	3.51071	7.3956	-2.37117	96.6583	541.972	103.248	541.037
20	100.025	550.319	10	10	4.71477	5.89734	99.8808	532.691	10	10	4.71034	2.76018	7.39549	-2.37117	103.255	541.918	96.6509	541.091
21	100.025	550.319	10	10	4.71477	0.364681	99.8808	532.691	10	10	4.71034	3.51071	7.39554	-2.37117	96.6582	541.972	103.248	541.037
22	100.025	550.319	10	10	4.71477	5.89733	99.8808	532.691	10	10	4.71034	2.76018	7.39552	-2.37117	103.255	541.918	96.651	541.091
23	100.025	550.319	10	10	4.71477	0.36468	99.8808	532.691	10	10	4.71034	3.51071	7.39553	-2.37117	96.6582	541.972	103.248	541.037
24	100.025	550.319	10	10	4.71477	5.89733	99.8808	532.691	10	10	4.71034	2.76018	7.39553	-2.37117	103.255	541.918	96.651	541.091
25	100.025	550.319	10	10	4.71477	0.36468	99.8808	532.691	10	10	4.71034	3.51071	7.39553	-2.37117	96.6582	541.972	103.248	541.037
26	100.025	550.319	10	10	4.71477	5.89733	99.8808	532.691	10	10	4.71034	2.76018	7.39553	-2.37117	103.255	541.918	96.651	541.091
27	100.025	550.319	10	10	4.71477	0.36468	99.8808	532.691	10	10	4.71034	3.51071	7.39553	-2.37117	96.6582	541.972	103.248	541.037
28	100.025	550.319	10	10	4.71477	5.89733	99.8808	532.691	10	10	4.71034	2.76018	7.39553	-2.37117	103.255	541.918	96.651	541.091
29	100.025	550.319	10	10	4.71477	0.36468	99.8808	532.691	10	10	4.71034	3.51071	7.39553	-2.37117	96.6582	541.972	103.248	541.037
30	100.025	550.319	10	10	4.71477	5.89733	99.8808	532.691	10	10	4.71034	2.76018	7.39553	-2.37117	103.255	541.918	96.651	541.091
31	100.025	550.319	10	10	4.71477	0.36468	99.8808	532.691	10	10	4.71034	3.51071	7.39553	-2.37117	96.6582	541.972	103.248	541.037
32	100.025	550.319	10	10	4.71477	5.89733	99.8808	532.691	10	10	4.71034	2.76018	7.39553	-2.37117	103.255	541.918	96.651	541.091
33	100.025	550.319	10	10	4.71477	0.36468	99.8808	532.691	10	10	4.71034	3.51071	7.39553	-2.37117	96.6582	541.972	103.248	541.037
34	100.025	550.319	10	10	4.71477	5.89733	99.8808	532.691	10	10	4.71034	2.76018	7.39553	-2.37117	103.255	541.918	96.651	541.091
35	100.025	550.319	10	10	4.71477	0.36468	99.8808	532.691	10	10	4.71034	3.51071	7.39553	-2.37117	96.6582	541.972	103.248	541.037
36	100.025	550.319	10	10	4.71477	5.89733	99.8808	532.691	10	10	4.71034	2.76018	7.39553	-2.37117	103.255	541.918	96.651	541.091
37	100.025	550.319	10	10	4.71477	0.36468	99.8808	532.691	10	10	4.71034	3.51071	7.39553	-2.37117	96.6582	541.972	103.248	541.037
38	100.025	550.319	10	10	4.71477	5.89733	99.8808	532.691	10	10	4.71034	2.76018	7.39553	-2.37117	103.255	541.918	96.651	541.091
39	100.025	550.319	10	10	4.71477	0.36468	99.8808	532.691	10	10	4.71034	3.51071	7.39553	-2.37117	96.6582	541.972	103.248	541.037
40	100.025	550.319	10	10	4.71477	5.89733	99.8808	532.691	10	10	4.71034	2.76018	7.39553	-2.37117	103.255	541.918	96.651	541.091
41	100.025	550.319	10	10	4.71477	0.36468	99.8808	532.691	10	10	4.71034	3.51071	7.39553	-2.37117	96.6582	541.972	103.248	541.037
42	100.025	550.319	10	10	4.71477	5.89733	99.8808	532.691	10	10	4.71034	2.76018	7.39553	-2.37117	103.255	541.918	96.651	541.091
43	100.025	550.319	10	10	4.71477	0.36468	99.8808	532.691	10	10	4.71034	3.51071	7.39553	-2.37117	96.6582	541.972	103.248	541.037
44	100.025	550.319	10	10	4.71477	5.89733	99.8808	532.691	10	10	4.71034	2.76018	7.39553	-2.37117	103.255	541.918	96.651	541.091
45	100.025	550.319	10	10	4.71477	0.36468	99.8808	532.691	10	10	4.71034	3.51071	7.39553	-2.37117	96.6582	541.972	103.248	541.037
46	100.025	550.319	10	10	4.71477	5.89733	99.8808	532.691	10	10	4.71034	2.76018	7.39553	-2.37117	103.255	541.918	96.651	541.091
47	100.025	550.319	10	10	4.71477	0.36468	99.8808	532.691	10	10	4.71034	3.51071	7.39553	-2.37117	96.6582	541.972	103.248	541.037
48	100.025	550.319	10	10	4.71477	5.89733	99.8808	532.691	10	10	4.71034	2.76018	7.39553	-2.37117	103.255	541.918	96.651	541.091
49	100.025	550.319	10	10	4.71477	0.36468	99.8808	532.691	10	10	4.71034	3.51071	7.39553	-2.37117	96.6582	541.972	103.248	541.037
50	100.025	550.319	10	10	4.71477	5.89733	99.8808	532.691	10	10	4.71034	2.76018	7.39553	-2.37117	103.255	541.918	96.651	541.091
51	100.025	550.319	10	10	4.71477	0.36468	99.8808	532.691	10	10	4.71034	3.51071	7.39553	-2.37117	96.6582	541.972	103.248	541.037
52	100.025	550.319	10	10	4.71477	5.89733	99.8808	532.691	10	10	4.71034	2.76018	7.39553	-2.37117	103.255	541.918	96.651	541.091
53	100.025	550.319	10	10	4.71477	0.36468	99.8808	532.691	10	10	4.71034	3.51071	7.39553	-2.37117	96.6582	541.972	103.248	541.037
54	100.025	550.319	10	10	4.71477	5.89733	99.8808	532.691	10	10	4.71034	2.76018	7.39553	-2.37117	103.255	541.918	96.651	541.091
55	100.025	550.319	10	10	4.71477	0.36468	99.8808	532.691	10	10	4.71034	3.51071	7.39553	-2.37117	96.6582	541.972	103.248	541.037
56	100.025	550.319	10	10	4.71477	5.89733	99.8808	532.691	10	10	4.71034	2.76018	7.39553	-2.37117	103.255	541.918	96.651	541.091
57	100.025	550.319	10	10	4.71477	0.36468	99.8808	532.691	10	10	4.71034	3.51071	7.39553	-2.37117	96.6582	541.972	103.248	541.037
58	100.025	550.319	10	10	4.71477	5.89733	99.8808	532.691	10	10	4.71034	2.76018	7.39553	-2.37117	103.255	541.918	96.651	541.091
59	100.025	550.319	10	10	4.71477	0.36468	99.8808	532.691	10	10	4.71034	3.51071	7.39553	-2.37117	96.6582	541.972	103.248	541.037
60	100.025	550.319	10	10	4.71477	5.89733	99.8808	532.691	10	10	4.71034	2.76018	7.39553	-2.37117	103.255	541.918	96.651	541.091
61	100.025	550.319	10	10	4.71477	0.36468	99.8808	532.691	10	10	4.71034	3.51071	7.39553	-2.37117	96.6582	541.972	103.248	541.037
62	100.025	550.319	10	10	4.71477	5.89733	99.8808	532.691	10	10	4.71034	2.76018	7.39553	-2.37117	103.255	541.918	96.651	541.091
63	100.025	550.319	10	10	4.71477	0.36468	99.8808	532.691	10	10	4.71034	3.51071	7.39553	-2.37117	96.6582	541.972	103.248	541.037
64	100.025	550.319	10	10	4.71477	5.89733	99.8808	532.691	10	10	4.71034	2.76018	7.39553	-2.37117	103.255	541.918	96.651	541.091
65	100.025	550.319	10	10	4.71477	0.36468	99.8808	532.691	10	10	4.71034	3.51071	7.39553	-2.37117	96.6582	541.972	103.248	541.037
66	100.025	550.319	10	10	4.71477	5.89733	99.8808	532.691	10	10	4.71034	2.76018	7.39553	-2.37117	103.255	541.918	96.651	541.091
67	100.025	550.319	10	10	4.71477	0.36468	99.8808	532.691	10	10	4.71034	3.51071	7.39553	-2.37117	96.6582	541.972	103.248	541.037
68	100.025	550.319	10	10	4.71477	5.89733	99.8808	532.691	10	10	4.71034	2.76018	7.39553	-2.37117	103.255	541.918	96.651	541.091
69	100.025	550.319	10	10	4.71477	0.36468	99.8808	532.691	10	10	4.71034	3.51071	7.39553	-2.37117	96.6582	541.972	103.248	541.037
70	100.025	550.319	10	10	4.71477	5.89733	99.8808	532.691	10	10	4.71034	2.76018	7.39553	-2.37117	103.255	541.918	96.651	541.091
71	100.025	550.319	10	10	4.71477	0.36468	99.8808	532.691	10	10	4.71034	3.51071	7.39553	-2.37117	96.6582	541.972	103.248	541.037
72	100.025	550.319	10	10	4.71477	5.89733	99.8808	532.691	10	10	4.71034	2.76018	7.39553	-2.37117	103.255	541.918	96.651	541.091
73	100.025	550.319	10	10	4.71477	0.36468	99.8808	532.691	10	10	4.71034	3.51071	7.39553	-2.37117	96.6582	541.972	103.248	541.037
74	100.025	550.319	10	10	4.71477	5.89733	99.8808	532.691	10	10	4.71034	2.76018	7.39553	-2.37117	103.255	541.918	96.651	541.091
75	100.025	550.319	10	10	4.71477	0.36468	99.8808	532.691	10	10	4.71034	3.51071	7.39553	-2.37117	96.6582	541.972	103.248	541.037
76	100.025	550.319	10	10	4.71477	5.89733	99.8808	532.691	10	10	4.71034	2.76018	7.39553	-2.37117	103.255	541.918	96.651	541.091
77	100.025	550.319	10	10	4.71477	0.36468	99.8808	532.691	10	10	4.71034	3.51071	7.39553	-2.37117	96.6582	541.972	103.248	541.037
78	100.025	550.319	10	10	4.71477	5.89733	99.8808	532.691	10	10	4.71034	2.76018	7.39553	-2.37117	103.255	541.918	96.651	541.091
79	100.025	550.319	10	10	4.71477	0.36468	99.8808	532.691	10	10	4.71034	3.51071	7.39553	-2.37117	96.6582	541.972	103.248	541.037
80	100.025	550.319	10	10	4.71477	5.89733	99.8808	532.691	10	10	4.71034	2.76018	7.39553	-2.37117	103.255	541.918	96.651	541.091
81	100.025	550.319	10	10	4.71477	0.36468	99.8808	532.691	10	10	4.71034	3.51071	7.39553	-2.37117	96.6582	541.972	103.248	541.037
82	100.025	550.319	10	10	4.71477	5.89733	99.8808	532.691	10	10	4.71034	2.76018	7.39553	-2.37117	103.255	541.918	96.651	541.091
83	100.025	550.319	10	10	4.71477	0.36468	99.8808	532.691	10	10	4.71034	3.51071	7.39553	-2.37117	96.6582	541.972	103.248	541.037
84	100.025	550.319	10	10	4.71477	5.89733	99.8808	532.691	10	10	4.71034	2.76018	7.39553	-2.37117	103.255	541.918	96.651	541.091
85	100.025	550.319	10	10	4.71477	0.36468	99.8808	532.691	10	10	4.71034	3.51071	7.39553	-2.37117	96.6582	541.972	103.248	541.037
86	100.025	550.319	10	10	4.71477	5.89733	99.8808	532.691	10	10	4.71034	2.76018	7.39553	-2.37117	103.255	541.918	96.651	541.091
87	100.025	550.319	10	10	4.71477	0.36468	99.8808	532.691	10	10	4.71034	3.51071	7.39553	-2.37117	96.6582	541.972	103.248	541.037
88	100.025	550.319	10	10	4.71477	5.89733	99.8808	532.691	10	10	4.71034	2.76018	7.39553	-2.37117	103.255	541.918	96.651	541.091
89	100.025	550.319	10	10	4.71477	0.36468	99.8808	532.691	10	10	4.71034	3.51071	7.39553	-2.37117	96.6582	541.972	103.248	541.037
90	100.025	550.319	10	10	4.71477	5.89733	99.8808	532.691	10	10	4.71034	2.76018	7.39553	-2.37117	103.255	541.918	96.651	541.091
91	100.025	550.319	10	10	4.71477	0.36468	99.8808	532.691	10	10	4.71034	3.51071	7.39553	-2.37117	96.6582	541.972	103.248	541.037
92	100.025	550.319	10	10	4.71477	5.89733	99.8808	532.691	10	10	4.71034	2.76018	7.39553	-2.37117	103.255	541.918	96.651	541.091
93	100.025	550.319	10	10	4.71477	0.36468	99.8808	532.691	10	10	4.71034	3.51071	7.39553	-2.37117	96.6582	541.972	103.248	541.037
94	100.025	550.319	10	10	4.71477	5.89733	99.8808	532.691	10	10	4.71034	2.76018	7.39553	-2.37117	103.255	541.918	96.651	541.091
95	100.025	550.319	10	10	4.71477	0.36468	99.8808	532.691	10	10	4.71034	3.51071	7.39553	-2.37117	96.6582	541.972	103.248	541.037
96	100.025	550.319	10	10	4.71477	5.89733	99.8808	532.691	10	10	4.71034	2.76018	7.39553	-2.37117	103.255	541.918	96.651	541.091
97	100.025	550.319	10	10	4.71477	0.36468	99.8808	532.691	10	10	4.71034	3.51071	7.39553	-2.37117	96.6582	541.972	103.248	541.037
98	100.025	550.319	10	10	4.71477	5.89733	99.8808	532.691	10	10	4.71034	2.76018	7.39553	-2.37117	103.255	541.918	96.651	541.091
99	100.025	550.319	10	10	4.71477	0.36468	99.8808	532.691	10	10	4.71034	3.51071	7.39553	-2.37117	96.6582	541.972	103.248	541.037
1	100.025	550.319	10	10	4.71477	0.36468	99.8808	532.691	10	10	4.71034	3.51071	7.39553	-2.37117
0	99.8808	532.691	10	10	4.71034	3.1256	100.025	550.319	10	10	4.71477	6.2819	2.37026	-2.37117	99.8624	523.691	100.047	541.319
1	99.8808	532.691	10	10	4.71034	3.12528	100.025	550.319	10	10	4.71477	6.27967	2.37061	-2.37117	100.043	541.689	100.035	541.319
2	99.8808	532.691	10	10	4.71034	3.1188	100.025	550.319	10	10	4.71477	6.27145	2.37645	-2.37117	100.046	541.689	100.015	541.319
3	99.8808	532.691	10	10	4.71034	3.07781	100.025	550.319	10	10	4.71477	6.22868	2.55519	-2.37117	100.104	541.688	99.9413	541.319
4	99.8808	532.691	10	10	4.71034	2.89196	100.025	550.319	10	10	4.71477	6.03788	5.06778	-2.37117	100.473	541.671	99.5566	541.331
5	99.8808	532.691	10	10	4.71034	3.59697	100.025	550.319	10	10	4.71477	0.447535	8.88068	-2.37117	102.122	541.407	97.8606	541.583
6	99.8808	532.691	10	10	4.71034	2.79705	100.025	550.319	10	10	4.71477	5.93588	6.73913	-2.37117	95.9392	540.782	103.939	542.214
7	99.8808	532.691	10	10	4.71034	3.53068	100.025	550.319	10	10	4.71477	0.383945	7.73888	-2.37117	102.938	541.155	96.9823	541.849
8	99.8808	532.691	10	10	4.71034	2.76945	100.025	550.319	10	10	4.71477	5.90693	7.23073	-2.37117	96.4838	541.025	103.417	541.982
9	99.8808	532.691	10	10	4.71034	3.51549	100.025	550.319	10	10	4.71477	0.369327	7.47799	-2.37117	103.171	541.068	96.7385	541.941
10	99.8808	532.691	10	10	4.71034	2.76246	100.025	550.319	10	10	4.71477	5.89968	7.35511	-2.37117	96.6108	541.075	103.294	541.933
11	99.8808	532.691	10	10	4.71034	3.51187	100.025	550.319	10	10	4.71477	0.365811	7.41554	-2.37117	103.229	541.045	96.6778	541.965
12	99.8808	532.691	10	10	4.71034	2.76073	100.025	550.319	10	10	4.71477	5.8979	7.38567	-2.37117	96.6412	541.087	103.265	541.922
13	99.8808	532.691	10	10	4.71034	3.51099	100.025	550.319	10	10	4.71477	0.364956	7.4004	-2.37117	103.243	541.039	96.663	541.971
14	99.8808	532.691	10	10	4.71034	2.76031	100.025	550.319	10	10	4.71477	5.89747	7.39313	-2.37117	96.6486	541.09	103.258	541.919
15	99.8808	532.691	10	10	4.71034	3.51078	100.025	550.319	10	10	4.71477	0.364747	7.39671	-2.37117	103.247	541.037	96.6594	541.972
16	99.8808	532.691	10	10	4.71034	2.76021	100.025	550.319	10	10	4.71477	5.89737	7.39494	-2.37117	96.6504	541.091	103.256	541.919
17	99.8808	532.691	10	10	4.71034	3.51072	100.025	550.319	10	10	4.71477	0.364696	7.39582	-2.37117	103.248	541.037	96.6585	541.972
18	99.8808	532.691	10	10	4.71034	2.76018	100.025	550.319	10	10	4.71477	5.89734	7.39539	-2.37117	96.6508	541.091	103.255	541.918
19	99.8808	532.691	10	10	4.71034	3.51071	100.025	550.319	10	10	4.71477	0.364684	7.3956	-2.37117	103.248	541.037	96.6583	541.972
20	99.8808	532.691	10	10	4.71034	2.76018	100.025	550.319	10	10	4.71477	5.89734	7.39549	-2.37117	96.6509	541.091	103.255	541.918
21	99.8808	532.691	10	10	4.71034	3.51071	100.025	550.319	10	10	4.71477	0.364681	7.39554	-2.37117	103.248	541.037	96.6582	541.972
22	99.8808	532.691	10	10	4.71034	2.76018	100.025	550.319	10	10	4.71477	5.89733	7.39552	-2.37117	96.651	541.091	103.255	541.918
23	99.8808	532.691	10	10	4.71034	3.51071	100.025	550.319	10	10	4.71477	0.36468	7.39553	-2.37117	103.248	541.037	96.6582	541.972
24	99.8808	532.691	10	10	4.71034	2.76018	100.025	550.319	10	10	4.71477	5.89733	7.39553	-2.37117	96.651	541.091	103.255	541.918
25	99.8808	532.691	10	10	4.71034	3.51071	100.025	550.319	10	10	4.71477	0.36468	7.39553	-2.37117	103.248	541.037	96.6582	541.972
26	99.8808	532.691	10	10	4.71034	2.76018	100.025	550.319	10	10	4.71477	5.89733	7.39553	-2.37117	96.651	541.091	103.255	541.918
27	99.8808	532.691	10	10	4.71034	3.51071	100.025	550.319	10	10	4.71477	0.36468	7.39553	-2.37117	103.248	541.037	96.6582	541.972
28	99.8808	532.691	10	10	4.71034	2.76018	100.025	550.319	10	10	4.71477	5.89733	7.39553	-2.37117	96.651	541.091	103.255	541.918
29	99.8808	532.691	10	10	4.71034	3.51071	100.025	550.319	10	10	4.71477	0.36468	7.39553	-2.37117	103.248	541.037	96.6582	541.972
30	99.8808	532.691	10	10	4.71034	2.76018	100.025	550.319	10	10	4.71477	5.89733	7.39553	-2.37117	96.651	541.091	103.255	541.918
31	99.8808	532.691	10	10	4.71034	3.51071	100.025	550.319	10	10	4.71477	0.36468	7.39553	-2.37117	103.248	541.037	96.6582	541.972
32	99.8808	532.691	10	10	4.71034	2.76018	100.025	550.319	10	10	4.71477	5.89733	7.39553	-2.37117	96.651	541.091	103.255	541.918
33	99.8808	532.691	10	10	4.71034	3.51071	100.025	550.319	10	10	4.71477	0.36468	7.39553	-2.37117	103.248	541.037	96.6582	541.972
34	99.8808	532.691	10	10	4.71034	2.76018	100.025	550.319	10	10	4.71477	5.89733	7.39553	-2.37117	96.651	541.091	103.255	541.918
35	99.8808	532.691	10	10	4.71034	3.51071	100.025	550.319	10	10	4.71477	0.36468	7.39553	-2.37117	103.248	541.037	96.6582	541.972
36	99.8808	532.691	10	10	4.71034	2.76018	100.025	550.319	10	10	4.71477	5.89733	7.39553	-2.37117	96.651	541.091	103.255	541.918
37	99.8808	532.691	10	10	4.71034	3.51071	100.025	550.319	10	10	4.71477	0.36468	7.39553	-2.37117	103.248	541.037	96.6582	541.972
38	99.8808	532.691	10	10	4.71034	2.76018	100.025	550.319	10	10	4.71477	5.89733	7.39553	-2.37117	96.651	541.091	103.255	541.918
39	99.8808	532.691	10	10	4.71034	3.51071	100.025	550.319	10	10	4.71477	0.36468	7.39553	-2.37117	103.248	541.037	96.6582	541.972
40	99.8808	532.691	10	10	4.71034	2.76018	100.025	550.319	10	10	4.71477	5.89733	7.39553	-2.37117	96.651	541.091	103.255	541.918
41	99.8808	532.691	10	10	4.71034	3.51071	100.025	550.319	10	10	4.71477	0.36468	7.39553	-2.37117	103.248	541.037	96.6582	541.972
42	99.8808	532.691	10	10	4.71034	2.76018	100.025	550.319	10	10	4.71477	5.89733	7.39553	-2.37117	96.651	541.091	103.255	541.918
43	99.8808	532.691	10	10	4.71034	3.51071	100.025	550.319	10	10	4.71477	0.36468	7.39553	-2.37117	103.248	541.037	96.6582	541.972
44	99.8808	532.691	10	10	4.71034	2.76018	100.025	550.319	10	10	4.71477	5.89733	7.39553	-2.37117	96.651	541.091	103.255	541.918
45	99.8808	532.691	10	10	4.71034	3.51071	100.025	550.319	10	10	4.71477	0.36468	7.39553	-2.37117	103.248	541.037	96.6582	541.972
46	99.8808	532.691	10	10	4.71034	2.76018	100.025	550.319	10	10	4.71477	5.89733	7.39553	-2.37117	96.651	541.091	103.255	541.918
47	99.8808	532.691	10	10	4.71034	3.51071	100.025	550.319	10	10	4.71477	0.36468	7.39553	-2.37117	103.248	541.037	96.6582	541.972
48	99.8808	532.691	10	10	4.71034	2.76018	100.025	550.319	10	10	4.71477	5.89733	7.39553	-2.37117	96.651	541.091	103.255	541.918
49	99.8808	532.691	10	10	4.71034	3.51071	100.025	550.319	10	10	4.71477	0.36468	7.39553	-2.37117	103.248	541.037	96.6582	541.972
50	99.8808	532.691	10	10	4.71034	2.76018	100.025	550.319	10	10	4.71477	5.89733	7.39553	-2.37117	96.651	541.091	103.255	541.918
51	99.8808	532.691	10	10	4.71034	3.51071	100.025	550.319	10	10	4.71477	0.36468	7.39553	-2.37117	103.248	541.037	96.6582	541.972
52	99.8808	532.691	10	10	4.71034	2.76018	100.025	550.319	10	10	4.71477	5.89733	7.39553	-2.37117	96.651	541.091	103.255	541.918
53	99.8808	532.691	10	10	4.71034	3.51071	100.025	550.319	10	10	4.71477	0.36468	7.39553	-2.37117	103.248	541.037	96.6582	541.972
54	99.8808	532.691	10	10	4.71034	2.76018	100.025	550.319	10	10	4.71477	5.89733	7.39553	-2.37117	96.651	541.091	103.255	541.918
55	99.8808	532.691	10	10	4.71034	3.51071	100.025	550.319	10	10	4.71477	0.36468	7.39553	-2.37117	103.248	541.037	96.6582	541.972
56	99.8808	532.691	10	10	4.71034	2.76018	100.025	550.319	10	10	4.71477	5.89733	7.39553	-2.37117	96.651	541.091	103.255	541.918
57	99.8808	532.691	10	10	4.71034	3.51071	100.025	550.319	10	10	4.71477	0.36468	7.39553	-2.37117	103.248	541.037	96.6582	541.972
58	99.8808	532.691	10	10	4.71034	2.76018	100.025	550.319	10	10	4.71477	5.89733	7.39553	-2.37117	96.651	541.091	103.255	541.918
59	99.8808	532.691	10	10	4.71034	3.51071	100.025	550.319	10	10	4.71477	0.36468	7.39553	-2.37117	103.248	541.037	96.6582	541.972
60	99.8808	532.691	10	10	4.71034	2.76018	100.025	550.319	10	10	4.71477	5.89733	7.39553	-2.37117	96.651	541.091	103.255	541.918
61	99.8808	532.691	10	10	4.71034	3.51071	100.025	550.319	10	10	4.71477	0.36468	7.39553	-2.37117	103.248	541.037	96.6582	541.972
62	99.8808	532.691	10	10	4.71034	2.76018	100.025	550.319	10	10	4.71477	5.89733	7.39553	-2.37117	96.651	541.091	103.255	541.918
63	99.8808	532.691	10	10	4.71034	3.51071	100.025	550.319	10	10	4.71477	0.36468	7.39553	-2.37117	103.248	541.037	96.6582	541.972
64	99.8808	532.691	10	10	4.71034	2.76018	100.025	550.319	10	10	4.71477	5.89733	7.39553	-2.37117	96.651	541.091	103.255	541.918
65	99.8808	532.691	10	10	4.71034	3.51071	100.025	550.319	10	10	4.71477	0.36468	7.39553	-2.37117	103.248	541.037	96.6582	541.972
66	99.8808	532.691	10	10	4.71034	2.76018	100.025	550.319	10	10	4.71477	5.89733	7.39553	-2.37117	96.651	541.091	103.255	541.918
67	99.8808	532.691	10	10	4.71034	3.51071	100.025	550.319	10	10	4.71477	0.36468	7.39553	-2.37117	103.248	541.037	96.6582	541.972
68	99.8808	532.691	10	10	4.71034	2.76018	100.025	550.319	10	10	4.71477	5.89733	7.39553	-2.37117	96.651	541.091	103.255	541.918
69	99.8808	532.691	10	10	4.71034	3.51071	100.025	550.319	10	10	4.71477	0.36468	7.39553	-2.37117	103.248	541.037	96.6582	541.972
70	99.8808	532.691	10	10	4.71034	2.76018	100.025	550.319	10	10	4.71477	5.89733	7.39553	-2.37117	96.651	541.091	103.255	541.918
71	99.8808	532.691	10	10	4.71034	3.51071	100.025	550.319	10	10	4.71477	0.36468	7.39553	-2.37117	103.248	541.037	96.6582	541.972
72	99.8808	532.691	10	10	4.71034	2.76018	100.025	550.319	10	10	4.71477	5.89733	7.39553	-2.37117	96.651	541.091	103.255	541.918
73	99.8808	532.691	10	10	4.71034	3.51071	100.025	550.319	10	10	4.71477	0.36468	7.39553	-2.37117	103.248	541.037	96.6582	541.972
74	99.8808	532.691	10	10	4.71034	2.76018	100.025	550.319	10	10	4.71477	5.89733	7.39553	-2.37117	96.651	541.091	103.255	541.918
75	99.8808	532.691	10	10	4.71034	3.51071	100.025	550.319	10	10	4.71477	0.36468	7.39553	-2.37117	103.248	541.037	96.6582	541.972
76	99.8808	532.691	10	10	4.71034	2.76018	100.025	550.319	10	10	4.71477	5.89733	7.39553	-2.37117	96.651	541.091	103.255	541.918
77	99.8808	532.691	10	10	4.71034	3.51071	100.025	550.319	10	10	4.71477	0.36468	7.39553	-2.37117	103.248	541.037	96.6582	541.972
78	99.8808	532.691	10	10	4.71034	2.76018	100.025	550.319	10	10	4.71477	5.89733	7.39553	-2.37117	96.651	541.091	103.255	541.918
79	99.8808	532.691	10	10	4.71034	3.51071	100.025	550.319	10	10	4.71477	0.36468	7.39553	-2.37117	103.248	541.037	96.6582	541.972
80	99.8808	532.691	10	10	4.71034	2.76018	100.025	550.319	10	10	4.71477	5.89733	7.39553	-2.37117	96.651	541.091	103.255	541.918
81	99.8808	532.691	10	10	4.71034	3.51071	100.025	550.319	10	10	4.71477	0.36468	7.39553	-2.37117	103.248	541.037	96.6582	541.972
82	99.8808	532.691	10	10	4.71034	2.76018	100.025	550.319	10	10	4.71477	5.89733	7.39553	-2.37117	96.651	541.091	103.255	541.918
83	99.8808	532.691	10	10	4.71034	3.51071	100.025	550.319	10	10	4.71477	0.36468	7.39553	-2.37117	103.248	541.037	96.6582	541.972
84	99.8808	532.691	10	10	4.71034	2.76018	100.025	550.319	10	10	4.71477	5.89733	7.39553	-2.37117	96.651	541.091	103.255	541.918
85	99.8808	532.691	10	10	4.71034	3.51071	100.025	550.319	10	10	4.71477	0.36468	7.39553	-2.37117	103.248	541.037	96.6582	541.972
86	99.8808	532.691	10	10	4.71034	2.76018	100.025	550.319	10	10	4.71477	5.89733	7.39553	-2.37117	96.651	541.091	103.255	541.918
87	99.8808	532.691	10	10	4.71034	3.51071	100.025	550.319	10	10	4.71477	0.36468	7.39553	-2.37117	103.248	541.037	96.6582	541.972
88	99.8808	532.691	10	10	4.71034	2.76018	100.025	550.319	10	10	4.71477	5.89733	7.39553	-2.37117	96.651	541.091	103.255	541.918
89	99.8808	532.691	10	10	4.71034	3.51071	100.025	550.319	10	10	4.71477	0.36468	7.39553	-2.37117	103.248	541.037	96.6582	541.972
90	99.8808	532.691	10	10	4.71034	2.76018	100.025	550.319	10	10	4.71477	5.89733	7.39553	-2.37117	96.651	541.091	103.255	541.918
91	99.8808	532.691	10	10	4.71034	3.51071	100.025	550.319	10	10	4.71477	0.36468	7.39553	-2.37117	103.248	541.037	96.6582	541.972
92	99.8808	532.691	10	10	4.71034	2.76018	100.025	550.319	10	10	4.71477	5.89733	7.39553	-2.37117	96.651	541.091	103.255	541.918
93	99.8808	532.691	10	10	4.71034	3.51071	100.025	550.319	10	10	4.71477	0.36468	7.39553	-2.37117	103.248	541.037	96.6582	541.972
94	99.8808	532.691	10	10	4.71034	2.76018	100.025	550.319	10	10	4.71477	5.89733	7.39553	-2.37117	96.651	541.091	103.255	541.918
95	99.8808	532.691	10	10	4.71034	3.51071	100.025	550.319	10	10	4.71477	0.36468	7.39553	-2.37117	103.248	541.037	96.6582	541.972
96	99.8808	532.691	10	10	4.71034	2.76018	100.025	550.319	10	10	4.71477	5.89733	7.39553	-2.37117	96.651	541.091	103.255	541.918
97	99.8808	532.691	10	10	4.71034	3.51071	100.025	550.319	10	10	4.71477	0.36468	7.39553	-2.37117	103.248	541.037	96.6582	541.972
98	99.8808	532.691	10	10	4.71034	2.76018	100.025	550.319	10	10	4.71477	5.89733	7.39553	-2.37117	96.651	541.091	103.255	541.918
99	99.8808	532.691	10	10	4.71034	3.51071	100.025	550.319	10	10	4.71477	0.36468	7.39553	-2.37117	103.248	541.037	96.6582	541.972
1	99.8808	532.691	10	10	4.71034	3.51071	100.025	550.319	10	10	4.71477	0.36468	7.39553	-2.37117
0	100.025	550.012	10	10	4.71476	6.28189	99.8796	532.43	10	10	4.71029	3.12554	2.41648	-2.4174	100.046	541.012	99.8608	523.43
1	100.025	550.012	10	10	4.71476	6.27977	99.8796	532.43	10	10	4.71029	3.12533	2.4168	-2.4174	100.035	541.012	100.043	541.428
2	100.025	550.012	10	10	4.71476	6.27282	99.8796	532.43	10	10	4.71029	3.12012	2.4209	-2.4174	100.015	541.012	100.045	541.428
3	100.025	550.012	10	10	4.71476	6.24045	99.8796	532.43	10	10	4.71029	3.08944	2.52537	-2.4174	99.9529	541.012	100.092	541.427
4	100.025	550.012	10	10	4.71476	6.09506	99.8796	532.43	10	10	4.71029	2.94767	4.18784	-2.4174	99.6617	541.019	100.368	541.417
5	100.025	550.012	10	10	4.71476	0.521259	99.8796	532.43	10	10	4.71029	3.67151	10.1859	-2.4174	98.3627	541.167	101.632	541.258
6	100.025	550.012	10	10	4.71476	5.95671	99.8796	532.43	10	10	4.71029	2.81734	6.39366	-2.4174	104.525	542.218	95.3468	540.205
7	100.025	550.012	10	10	4.71476	0.407087	99.8796	532.43	10	10	4.71029	3.5541	8.1518	-2.4174	97.1587	541.481	102.765	540.955
8	100.025	550.012	10	10	4.71476	5.90852	99.8796	532.43	10	10	4.71029	2.77093	7.21043	-2.4174	103.608	541.756	96.2888	540.683
9	100.025	550.012	10	10	4.71476	0.380297	99.8796	532.43	10	10	4.71029	3.52656	7.67664	-2.4174	96.7511	541.628	103.157	540.812
10	100.025	550.012	10	10	4.71476	5.89533	99.8796	532.43	10	10	4.71029	2.75811	7.4367	-2.4174	103.385	541.663	96.5174	540.778
11	100.025	550.012	10	10	4.71476	0.373565	99.8796	532.43	10	10	4.71029	3.51966	7.55776	-2.4174	96.6408	541.672	103.264	540.769
12	100.025	550.012	10	10	4.71476	5.89189	99.8796	532.43	10	10	4.71029	2.75474	7.49607	-2.4174	103.329	541.64	96.575	540.801
13	100.025	550.012	10	10	4.71476	0.371838	99.8796	532.43	10	10	4.71029	3.5179	7.52735	-2.4174	96.6121	541.684	103.293	540.758
14	100.025	550.012	10	10	4.71476	5.891	99.8796	532.43	10	10	4.71029	2.75386	7.51145	-2.4174	103.315	541.635	96.5898	540.807
15	100.025	550.012	10	10	4.71476	0.371393	99.8796	532.43	10	10	4.71029	3.51745	7.51952	-2.4174	96.6047	541.687	103.3	540.755
16	100.025	550.012	10	10	4.71476	5.89077	99.8796	532.43	10	10	4.71029	2.75364	7.51542	-2.4174	103.311	541.633	96.5936	540.809
17	100.025	550.012	10	10	4.71476	0.371278	99.8796	532.43	10	10	4.71029	3.51733	7.5175	-2.4174	96.6028	541.688	103.302	540.754
18	100.025	550.012	10	10	4.71476	5.89071	99.8796	532.43	10	10	4.71029	2.75358	7.51644	-2.4174	103.31	541.633	96.5945	540.809
19	100.025	550.012	10	10	4.71476	0.371248	99.8796	532.43	10	10	4.71029	3.5173	7.51698	-2.4174	96.6023	541.688	103.302	540.754
20	100.025	550.012	10	10	4.71476	5.8907	99.8796	532.43	10	10	4.71029	2.75356	7.51671	-2.4174	103.31	541.633	96.5948	540.809
21	100.025	550.012	10	10	4.71476	0.37124	99.8796	532.43	10	10	4.71029	3.51729	7.51685	-2.4174	96.6022	541.688	103.302	540.754
22	100.025	550.012	10	10	4.71476	5.89069	99.8796	532.43	10	10	4.71029	2.75356	7.51678	-2.4174	103.31	541.633	96.5949	540.809
23	100.025	550.012	10	10	4.71476	0.371238	99.8796	532.43	10	10	4.71029	3.51729	7.51681	-2.4174	96.6021	541.688	103.302	540.754
24	100.025	550.012	10	10	4.71476	5.89069	99.8796	532.43	10	10	4.71029	2.75356	7.51679	-2.4174	103.31	541.633	96.5949	540.809
25	100.025	550.012	10	10	4.71476	0.371238	99.8796	532.43	10	10	4.71029	3.51729	7.5168	-2.4174	96.6021	541.688	103.302	540.754
26	100.025	550.012	10	10	4.71476	5.89069	99.8796	532.43	10	10	4.71029	2.75356	7.5168	-2.4174	103.31	541.633	96.5949	540.809
27	100.025	550.012	10	10	4.71476	0.371238	99.8796	532.43	10	10	4.71029	3.51729	7.5168	-2.4174	96.6021	541.688	103.302	540.754
28	100.025	550.012	10	10	4.71476	5.89069	99.8796	532.43	10	10	4.71029	2.75356	7.5168	-2.4174	103.31	541.633	96.5949	540.809
29	100.025	550.012	10	10	4.71476	0.371237	99.8796	532.43	10	10	4.71029	3.51729	7.5168	-2.4174	96.6021	541.688	103.302	540.754
30	100.025	550.012	10	10	4.71476	5.89069	99.8796	532.43	10	10	4.71029	2.75356	7.5168	-2.4174	103.31	541.633	96.5949	540.809
31	100.025	550.012	10	10	4.71476	0.371237	99.8796	532.43	10	10	4.71029	3.51729	7.5168	-2.4174	96.6021	541.688	103.302	540.754
32	100.025	550.012	10	10	4.71476	5.89069	99.8796	532.43	10	10	4.71029	2.75356	7.5168	-2.4174	103.31	541.633	96.5949	540.809
33	100.025	550.012	10	10	4.71476	0.371237	99.8796	532.43	10	10	4.71029	3.51729	7.5168	-2.4174	96.6021	541.688	103.302	540.754
34	100.025	550.012	10	10	4.71476	5.89069	99.8796	532.43	10	10	4.71029	2.75356	7.5168	-2.4174	103.31	541.633	96.5949	540.809
35	100.025	550.012	10	10	4.71476	0.371237	99.8796	532.43	10	10	4.71029	3.51729	7.5168	-2.4174	96.6021	541.688	103.302	540.754
36	100.025	550.012	10	10	4.71476	5.89069	99.8796	532.43	10	10	4.71029	2.75356	7.5168	-2.4174	103.31	541.633	96.5949	540.809
37	100.025	550.012	10	10	4.71476	0.371237	99.8796	532.43	10	10	4.71029	3.51729	7.5168	-2.4174	96.6021	541.688	103.302	540.754
38	100.025	550.012	10	10	4.71476	5.89069	99.8796	532.43	10	10	4.71029	2.75356	7.5168	-2.4174	103.31	541.633	96.5949	540.809
39	100.025	550.012	10	10	4.71476	0.371237	99.8796	532.43	10	10	4.71029	3.51729	7.5168	-2.4174	96.6021	541.688	103.302	540.754
40	100.025	550.012	10	10	4.71476	5.89069	99.8796	532.43	10	10	4.71029	2.75356	7.5168	-2.4174	103.31	541.633	96.5949	540.809
41	100.025	550.012	10	10	4.71476	0.371237	99.8796	532.43	10	10	4.71029	3.51729	7.5168	-2.4174	96.6021	541.688	103.302	540.754
42	100.025	550.012	10	10	4.71476	5.89069	99.8796	532.43	10	10	4.71029	2.75356	7.5168	-2.4174	103.31	541.633	96.5949	540.809
43	100.025	550.012	10	10	4.71476	0.371237	99.8796	532.43	10	10	4.71029	3.51729	7.5168	-2.4174	96.6021	541.688	103.302	540.754
44	100.025	550.012	10	10	4.71476	5.89069	99.8796	532.43	10	10	4.71029	2.75356	7.5168	-2.4174	103.31	541.633	96.5949	540.809
45	100.025	550.012	10	10	4.71476	0.371237	99.8796	532.43	10	10	4.71029	3.51729	7.5168	-2.4174	96.6021	541.688	103.302	540.754
46	100.025	550.012	10	10	4.71476	5.89069	99.8796	532.43	10	10	4.71029	2.75356	7.5168	-2.4174	103.31	541.633	96.5949	540.809
47	100.025	550.012	10	10	4.71476	0.371237	99.8796	532.43	10	10	4.71029	3.51729	7.5168	-2.4174	96.6021	541.688	103.302	540.754
48	100.025	550.012	10	10	4.71476	5.89069	99.8796	532.43	10	10	4.71029	2.75356	7.5168	-2.4174	103.31	541.633	96.5949	540.809
49	100.025	550.012	10	10	4.71476	0.371237	99.8796	532.43	10	10	4.71029	3.51729	7.5168	-2.4174	96.6021	541.688	103.302	540.754
50	100.025	550.012	10	10	4.71476	5.89069	99.8796	532.43	10	10	4.71029	2.75356	7.5168	-2.4174	103.31	541.633	96.5949	540.809
51	100.025	550.012	10	10	4.71476	0.371237	99.8796	532.43	10	10	4.71029	3.51729	7.5168	-2.4174	96.6021	541.688	103.302	540.754
52	100.025	550.012	10	10	4.71476	5.89069	99.8796	532.43	10	10	4.71029	2.75356	7.5168	-2.4174	103.31	541.633	96.5949	540.809
53	100.025	550.012	10	10	4.71476	0.371237	99.8796	532.43	10	10	4.71029	3.51729	7.5168	-2.4174	96.6021	541.688	103.302	540.754
54	100.025	550.012	10	10	4.71476	5.89069	99.8796	532.43	10	10	4.71029	2.75356	7.5168	-2.4174	103.31	541.633	96.5949	540.809
55	100.025	550.012	10	10	4.71476	0.371237	99.8796	532.43	10	10	4.71029	3.51729	7.5168	-2.4174	96.6021	541.688	103.302	540.754
56	100.025	550.012	10	10	4.71476	5.89069	99.8796	532.43	10	10	4.71029	2.75356	7.5168	-2.4174	103.31	541.633	96.5949	540.809
57	100.025	550.012	10	10	4.71476	0.371237	99.8796	532.43	10	10	4.71029	3.51729	7.5168	-2.4174	96.6021	541.688	103.302	540.754
58	100.025	550.012	10	10	4.71476	5.89069	99.8796	532.43	10	10	4.71029	2.75356	7.5168	-2.4174	103.31	541.633	96.5949	540.809
59	100.025	550.012	10	10	4.71476	0.371237	99.8796	532.43	10	10	4.71029	3.51729	7.5168	-2.4174	96.6021	541.688	103.302	540.754
60	100.025	550.012	10	10	4.71476	5.89069	99.8796	532.43	10	10	4.71029	2.75356	7.5168	-2.4174	103.31	541.633	96.5949	540.809
61	100.025	550.012	10	10	4.71476	0.371237	99.8796	532.43	10	10	4.71029	3.51729	7.5168	-2.4174	96.6021	541.688	103.302	540.754
62	100.025	550.012	10	10	4.71476	5.89069	99.8796	532.43	10	10	4.71029	2.75356	7.5168	-2.4174	103.31	541.633	96.5949	540.809
63	100.025	550.012	10	10	4.71476	0.371237	99.8796	532.43	10	10	4.71029	3.51729	7.5168	-2.4174	96.6021	541.688	103.302	540.754
64	100.025	550.012	10	10	4.71476	5.89069	99.8796	532.43	10	10	4.71029	2.75356	7.5168	-2.4174	103.31	541.633	96.5949	540.809
65	100.025	550.012	10	10	4.71476	0.371237	99.8796	532.43	10	10	4.71029	3.51729	7.5168	-2.4174	96.6021	541.688	103.302	540.754
66	100.025	550.012	10	10	4.71476	5.89069	99.8796	532.43	10	10	4.71029	2.75356	7.5168	-2.4174	103.31	541.633	96.5949	540.809
67	100.025	550.012	10	10	4.71476	0.371237	99.8796	532.43	10	10	4.71029	3.51729	7.5168	-2.4174	96.6021	541.688	103.302	540.754
68	100.025	550.012	10	10	4.71476	5.89069	99.8796	532.43	10	10	4.71029	2.75356	7.5168	-2.4174	103.31	541.633	96.5949	540.809
69	100.025	550.012	10	10	4.71476	0.371237	99.8796	532.43	10	10	4.71029	3.51729	7.5168	-2.4174	96.6021	541.688	103.302	540.754
70	100.025	550.012	10	10	4.71476	5.89069	99.8796	532.43	10	10	4.71029	2.75356	7.5168	-2.4174	103.31	541.633	96.5949	540.809
71	100.025	550.012	10	10	4.71476	0.371237	99.8796	532.43	10	10	4.71029	3.51729	7.5168	-2.4174	96.6021	541.688	103.302	540.754
72	100.025	550.012	10	10	4.71476	5.89069	99.8796	532.43	10	10	4.71029	2.75356	7.5168	-2.4174	103.31	541.633	96.5949	540.809
73	100.025	550.012	10	10	4.71476	0.371237	99.8796	532.43	10	10	4.71029	3.51729	7.5168	-2.4174	96.6021	541.688	103.302	540.754
74	100.025	550.012	10	10	4.71476	5.89069	99.8796	532.43	10	10	4.71029	2.75356	7.5168	-2.4174	103.31	541.633	96.5949	540.809
75	100.025	550.012	10	10	4.71476	0.371237	99.8796	532.43	10	10	4.71029	3.51729	7.5168	-2.4174	96.6021	541.688	103.302	540.754
76	100.025	550.012	10	10	4.71476	5.89069	99.8796	532.43	10	10	4.71029	2.75356	7.5168	-2.4174	103.31	541.633	96.5949	540.809
77	100.025	550.012	10	10	4.71476	0.371237	99.8796	532.43	10	10	4.71029	3.51729	7.5168	-2.4174	96.6021	541.688	103.302	540.754
78	100.025	550.012	10	10	4.71476	5.89069	99.8796	532.43	10	10	4.71029	2.75356	7.5168	-2.4174	103.31	541.633	96.5949	540.809
79	100.025	550.012	10	10	4.71476	0.371237	99.8796	532.43	10	10	4.71029	3.51729	7.5168	-2.4174	96.6021	541.688	103.302	540.754
80	100.025	550.012	10	10	4.71476	5.89069	99.8796	532.43	10	10	4.71029	2.75356	7.5168	-2.4174	103.31	541.633	96.5949	540.809
81	100.025	550.012	10	10	4.71476	0.371237	99.8796	532.43	10	10	4.71029	3.51729	7.5168	-2.4174	96.6021	541.688	103.302	540.754
82	100.025	550.012	10	10	4.71476	5.89069	99.8796	532.43	10	10	4.71029	2.75356	7.5168	-2.4174	103.31	541.633	96.5949	540.809
83	100.025	550.012	10	10	4.71476	0.371237	99.8796	532.43	10	10	4.71029	3.51729	7.5168	-2.4174	96.6021	541.688	103.302	540.754
84	100.025	550.012	10	10	4.71476	5.89069	99.8796	532.43	10	10	4.71029	2.75356	7.5168	-2.4174	103.31	541.633	96.5949	540.809
85	100.025	550.012	10	10	4.71476	0.371237	99.8796	532.43	10	10	4.71029	3.51729	7.5168	-2.4174	96.6021	541.688	103.302	540.754
86	100.025	550.012	10	10	4.71476	5.89069	99.8796	532.43	10	10	4.71029	2.75356	7.5168	-2.4174	103.31	541.633	96.5949	540.809
87	100.025	550.012	10	10	4.71476	0.371237	99.8796	532.43	10	10	4.71029	3.51729	7.5168	-2.4174	96.6021	541.688	103.302	540.754
88	100.025	550.012	10	10	4.71476	5.89069	99.8796	532.43	10	10	4.71029	2.75356	7.5168	-2.4174	103.31	541.633	96.5949	540.809
89	100.025	550.012	10	10	4.71476	0.371237	99.8796	532.43	10	10	4.71029	3.51729	7.5168	-2.4174	96.6021	541.688	103.302	540.754
90	100.025	550.012	10	10	4.71476	5.89069	99.8796	532.43	10	10	4.71029	2.75356	7.5168	-2.4174	103.31	541.633	96.5949	540.809
91	100.025	550.012	10	10	4.71476	0.371237	99.8796	532.43	10	10	4.71029	3.51729	7.5168	-2.4174	96.6021	541.688	103.302	540.754
92	100.025	550.012	10	10	4.71476	5.89069	99.8796	532.43	10	10	4.71029	2.75356	7.5168	-2.4174	103.31	541.633	96.5949	540.809
93	100.025	550.012	10	10	4.71476	0.371237	99.8796	532.43	10	10	4.71029	3.51729	7.5168	-2.4174	96.6021	541.688	103.302	540.754
94	100.025	550.012	10	10	4.71476	5.89069	99.8796	532.43	10	10	4.71029	2.75356	7.5168	-2.4174	103.31	541.633	96.5949	540.809
95	100.025	550.012	10	10	4.71476	0.371237	99.8796	532.43	10	10	4.71029	3.51729	7.5168	-2.4174	96.6021	541.688	103.302	540.754
96	100.025	550.012	10	10	4.71476	5.89069	99.8796	532.43	10	10	4.71029	2.75356	7.5168	-2.4174	103.31	541.633	96.5949	540.809
97	100.025	550.012	10	10	4.71476	0.371237	99.8796	532.43	10	10	4.71029	3.51729	7.5168	-2.4174	96.6021	541.688	103.302	540.754
98	100.025	550.012	10	10	4.71476	5.89069	99.8796	532.43	10	10	4.71029	2.75356	7.5168	-2.4174	103.31	541.633	96.5949	540.809
99	100.025	550.012	10	10	4.71476	0.371237	99.8796	532.43	10	10	4.71029	3.51729	7.5168	-2.4174	96.6021	541.688	103.302	540.754
1	100.025	550.012	10	10	4.71476	0.371237	99.8796	532.43	10	10	4.71029	3.51729	7.5168	-2.4174
0	99.8796	532.43	10	10	4.71029	3.12554	100.025	550.012	10	10	4.71476	6.28189	2.41648	-2.4174	99.8608	523.43	100.046	541.012
1	99.8796	532.43	10	10	4.71029	3.12533	100.025	550.012	10	10	4.71476	6.27977	2.4168	-2.4174	100.043	541.428	100.035	541.012
2	99.8796	532.43	10	10	4.71029	3.12012	100.025	550.012	10	10	4.71476	6.27282	2.4209	-2.4174	100.045	541.428	100.015	541.012
3	99.8796	532.43	10	10	4.71029	3.08944	100.025	550.012	10	10	4.71476	6.24045	2.52537	-2.4174	100.092	541.427	99.9529	541.012
4	99.8796	532.43	10	10	4.71029	2.94767	100.025	550.012	10	10	4.71476	6.09506	4.18784	-2.4174	100.368	541.417	99.6617	541.019
5	99.8796	532.43	10	10	4.71029	3.67151	100.025	550.012	10	10	4.71476	0.521259	10.1859	-2.4174	101.632	541.258	98.3627	541.167
6	99.8796	532.43	10	10	4.71029	2.81734	100.025	550.012	10	10	4.71476	5.95671	6.39366	-2.4174	95.3468	540.205	104.525	542.218
7	99.8796	532.43	10	10	4.71029	3.5541	100.025	550.012	10	10	4.71476	0.407087	8.1518	-2.4174	102.765	540.955	97.1587	541.481
8	99.8796	532.43	10	10	4.71029	2.77093	100.025	550.012	10	10	4.71476	5.90852	7.21043	-2.4174	96.2888	540.683	103.608	541.756
9	99.8796	532.43	10	10	4.71029	3.52656	100.025	550.012	10	10	4.71476	0.380297	7.67664	-2.4174	103.157	540.812	96.7511	541.628
10	99.8796	532.43	10	10	4.71029	2.75811	100.025	550.012	10	10	4.71476	5.89533	7.4367	-2.4174	96.5174	540.778	103.385	541.663
11	99.8796	532.43	10	10	4.71029	3.51966	100.025	550.012	10	10	4.71476	0.373565	7.55776	-2.4174	103.264	540.769	96.6408	541.672
12	99.8796	532.43	10	10	4.71029	2.75474	100.025	550.012	10	10	4.71476	5.89189	7.49607	-2.4174	96.575	540.801	103.329	541.64
13	99.8796	532.43	10	10	4.71029	3.5179	100.025	550.012	10	10	4.71476	0.371838	7.52735	-2.4174	103.293	540.758	96.6121	541.684
14	99.8796	532.43	10	10	4.71029	2.75386	100.025	550.012	10	10	4.71476	5.891	7.51145	-2.4174	96.5898	540.807	103.315	541.635
15	99.8796	532.43	10	10	4.71029	3.51745	100.025	550.012	10	10	4.71476	0.371393	7.51952	-2.4174	103.3	540.755	96.6047	541.687
16	99.8796	532.43	10	10	4.71029	2.75364	100.025	550.012	10	10	4.71476	5.89077	7.51542	-2.4174	96.5936	540.809	103.311	541.633
17	99.8796	532.43	10	10	4.71029	3.51733	100.025	550.012	10	10	4.71476	0.371278	7.5175	-2.4174	103.302	540.754	96.6028	541.688
18	99.8796	532.43	10	10	4.71029	2.75358	100.025	550.012	10	10	4.71476	5.89071	7.51644	-2.4174	96.5945	540.809	103.31	541.633
19	99.8796	532.43	10	10	4.71029	3.5173	100.025	550.012	10	10	4.71476	0.371248	7.51698	-2.4174	103.302	540.754	96.6023	541.688
20	99.8796	532.43	10	10	4.71029	2.75356	100.025	550.012	10	10	4.71476	5.8907	7.51671	-2.4174	96.5948	540.809	103.31	541.633
21	99.8796	532.43	10	10	4.71029	3.51729	100.025	550.012	10	10	4.71476	0.37124	7.51685	-2.4174	103.302	540.754	96.6022	541.688
22	99.8796	532.43	10	10	4.71029	2.75356	100.025	550.012	10	10	4.71476	5.89069	7.51678	-2.4174	96.5949	540.809	103.31	541.633
23	99.8796	532.43	10	10	4.71029	3.51729	100.025	550.012	10	10	4.71476	0.371238	7.51681	-2.4174	103.302	540.754	96.6021	541.688
24	99.8796	532.43	10	10	4.71029	2.75356	100.025	550.012	10	10	4.71476	5.89069	7.51679	-2.4174	96.5949	540.809	103.31	541.633
25	99.8796	532.43	10	10	4.71029	3.51729	100.025	550.012	10	10	4.71476	0.371238	7.5168	-2.4174	103.302	540.754	96.6021	541.688
26	99.8796	532.43	10	10	4.71029	2.75356	100.025	550.012	10	10	4.71476	5.89069	7.5168	-2.4174	96.5949	540.809	103.31	541.633
27	99.8796	532.43	10	10	4.71029	3.51729	100.025	550.012	10	10	4.71476	0.371238	7.5168	-2.4174	103.302	540.754	96.6021	541.688
28	99.8796	532.43	10	10	4.71029	2.75356	100.025	550.012	10	10	4.71476	5.89069	7.5168	-2.4174	96.5949	540.809	103.31	541.633
29	99.8796	532.43	10	10	4.71029	3.51729	100.025	550.012	10	10	4.71476	0.371237	7.5168	-2.4174	103.302	540.754	96.6021	541.688
30	99.8796	532.43	10	10	4.71029	2.75356	100.025	550.012	10	10	4.71476	5.89069	7.5168	-2.4174	96.5949	540.809	103.31	541.633
31	99.8796	532.43	10	10	4.71029	3.51729	100.025	550.012	10	10	4.71476	0.371237	7.5168	-2.4174	103.302	540.754	96.6021	541.688
32	99.8796	532.43	10	10	4.71029	2.75356	100.025	550.012	10	10	4.71476	5.89069	7.5168	-2.4174	96.5949	540.809	103.31	541.633
33	99.8796	532.43	10	10	4.71029	3.51729	100.025	550.012	10	10	4.71476	0.371237	7.5168	-2.4174	103.302	540.754	96.6021	541.688
34	99.8796	532.43	10	10	4.71029	2.75356	100.025	550.012	10	10	4.71476	5.89069	7.5168	-2.4174	96.5949	540.809	103.31	541.633
35	99.8796	532.43	10	10	4.71029	3.51729	100.025	550.012	10	10	4.71476	0.371237	7.5168	-2.4174	103.302	540.754	96.6021	541.688
36	99.8796	532.43	10	10	4.71029	2.75356	100.025	550.012	10	10	4.71476	5.89069	7.5168	-2.4174	96.5949	540.809	103.31	541.633
37	99.8796	532.43	10	10	4.71029	3.51729	100.025	550.012	10	10	4.71476	0.371237	7.5168	-2.4174	103.302	540.754	96.6021	541.688
38	99.8796	532.43	10	10	4.71029	2.75356	100.025	550.012	10	10	4.71476	5.89069	7.5168	-2.4174	96.5949	540.809	103.31	541.633
39	99.8796	532.43	10	10	4.71029	3.51729	100.025	550.012	10	10	4.71476	0.371237	7.5168	-2.4174	103.302	540.754	96.6021	541.688
40	99.8796	532.43	10	10	4.71029	2.75356	100.025	550.012	10	10	4.71476	5.89069	7.5168	-2.4174	96.5949	540.809	103.31	541.633
41	99.8796	532.43	10	10	4.71029	3.51729	100.025	550.012	10	10	4.71476	0.371237	7.5168	-2.4174	103.302	540.754	96.6021	541.688
42	99.8796	532.43	10	10	4.71029	2.75356	100.025	550.012	10	10	4.71476	5.89069	7.5168	-2.4174	96.5949	540.809	103.31	541.633
43	99.8796	532.43	10	10	4.71029	3.51729	100.025	550.012	10	10	4.71476	0.371237	7.5168	-2.4174	103.302	540.754	96.6021	541.688
44	99.8796	532.43	10	10	4.71029	2.75356	100.025	550.012	10	10	4.71476	5.89069	7.5168	-2.4174	96.5949	540.809	103.31	541.633
45	99.8796	532.43	10	10	4.71029	3.51729	100.025	550.012	10	10	4.71476	0.371237	7.5168	-2.4174	103.302	540.754	96.6021	541.688
46	99.8796	532.43	10	10	4.71029	2.75356	100.025	550.012	10	10	4.71476	5.89069	7.5168	-2.4174	96.5949	540.809	103.31	541.633
47	99.8796	532.43	10	10	4.71029	3.51729	100.025	550.012	10	10	4.71476	0.371237	7.5168	-2.4174	103.302	540.754	96.6021	541.688
48	99.8796	532.43	10	10	4.71029	2.75356	100.025	550.012	10	10	4.71476	5.89069	7.5168	-2.4174	96.5949	540.809	103.31	541.633
49	99.8796	532.43	10	10	4.71029	3.51729	100.025	550.012	10	10	4.71476	0.371237	7.5168	-2.4174	103.302	540.754	96.6021	541.688
50	99.8796	532.43	10	10	4.71029	2.75356	100.025	550.012	10	10	4.71476	5.89069	7.5168	-2.4174	96.5949	540.809	103.31	541.633
51	99.8796	532.43	10	10	4.71029	3.51729	100.025	550.012	10	10	4.71476	0.371237	7.5168	-2.4174	103.302	540.754	96.6021	541.688
52	99.8796	532.43	10	10	4.71029	2.75356	100.025	550.012	10	10	4.71476	5.89069	7.5168	-2.4174	96.5949	540.809	103.31	541.633
53	99.8796	532.43	10	10	4.71029	3.51729	100.025	550.012	10	10	4.71476	0.371237	7.5168	-2.4174	103.302	540.754	96.6021	541.688
54	99.8796	532.43	10	10	4.71029	2.75356	100.025	550.012	10	10	4.71476	5.89069	7.5168	-2.4174	96.5949	540.809	103.31	541.633
55	99.8796	532.43	10	10	4.71029	3.51729	100.025	550.012	10	10	4.71476	0.371237	7.5168	-2.4174	103.302	540.754	96.6021	541.688
56	99.8796	532.43	10	10	4.71029	2.75356	100.025	550.012	10	10	4.71476	5.89069	7.5168	-2.4174	96.5949	540.809	103.31	541.633
57	99.8796	532.43	10	10	4.71029	3.51729	100.025	550.012	10	10	4.71476	0.371237	7.5168	-2.4174	103.302	540.754	96.6021	541.688
58	99.8796	532.43	10	10	4.71029	2.75356	100.025	550.012	10	10	4.71476	5.89069	7.5168	-2.4174	96.5949	540.809	103.31	541.633
59	99.8796	532.43	10	10	4.71029	3.51729	100.025	550.012	10	10	4.71476	0.371237	7.5168	-2.4174	103.302	540.754	96.6021	541.688
60	99.8796	532.43	10	10	4.71029	2.75356	100.025	550.012	10	10	4.71476	5.89069	7.5168	-2.4174	96.5949	540.809	103.31	541.633
61	99.8796	532.43	10	10	4.71029	3.51729	100.025	550.012	10	10	4.71476	0.371237	7.5168	-2.4174	103.302	540.754	96.6021	541.688
62	99.8796	532.43	10	10	4.71029	2.75356	100.025	550.012	10	10	4.71476	5.89069	7.5168	-2.4174	96.5949	540.809	103.31	541.633
63	99.8796	532.43	10	10	4.71029	3.51729	100.025	550.012	10	10	4.71476	0.371237	7.5168	-2.4174	103.302	540.754	96.6021	541.688
64	99.8796	532.43	10	10	4.71029	2.75356	100.025	550.012	10	10	4.71476	5.89069	7.5168	-2.4174	96.5949	540.809	103.31	541.633
65	99.8796	532.43	10	10	4.71029	3.51729	100.025	550.012	10	10	4.71476	0.371237	7.5168	-2.4174	103.302	540.754	96.6021	541.688
66	99.8796	532.43	10	10	4.71029	2.75356	100.025	550.012	10	10	4.71476	5.89069	7.5168	-2.4174	96.5949	540.809	103.31	541.633
67	99.8796	532.43	10	10	4.71029	3.51729	100.025	550.012	10	10	4.71476	0.371237	7.5168	-2.4174	103.302	540.754	96.6021	541.688
68	99.8796	532.43	10	10	4.71029	2.75356	100.025	550.012	10	10	4.71476	5.89069	7.5168	-2.4174	96.5949	540.809	103.31	541.633
69	99.8796	532.43	10	10	4.71029	3.51729	100.025	550.012	10	10	4.71476	0.371237	7.5168	-2.4174	103.302	540.754	96.6021	541.688
70	99.8796	532.43	10	10	4.71029	2.75356	100.025	550.012	10	10	4.71476	5.89069	7.5168	-2.4174	96.5949	540.809	103.31	541.633
71	99.8796	532.43	10	10	4.71029	3.51729	100.025	550.012	10	10	4.71476	0.371237	7.5168	-2.4174	103.302	540.754	96.6021	541.688
72	99.8796	532.43	10	10	4.71029	2.75356	100.025	550.012	10	10	4.71476	5.89069	7.5168	-2.4174	96.5949	540.809	103.31	541.633
73	99.8796	532.43	10	10	4.71029	3.51729	100.025	550.012	10	10	4.71476	0.371237	7.5168	-2.4174	103.302	540.754	96.6021	541.688
74	99.8796	532.43	10	10	4.71029	2.75356	100.025	550.012	10	10	4.71476	5.89069	7.5168	-2.4174	96.5949	540.809	103.31	541.633
75	99.8796	532.43	10	10	4.71029	3.51729	100.025	550.012	10	10	4.71476	0.371237	7.5168	-2.4174	103.302	540.754	96.6021	541.688
76	99.8796	532.43	10	10	4.71029	2.75356	100.025	550.012	10	10	4.71476	5.89069	7.5168	-2.4174	96.5949	540.809	103.31	541.633
77	99.8796	532.43	10	10	4.71029	3.51729	100.025	550.012	10	10	4.71476	0.371237	7.5168	-2.4174	103.302	540.754	96.6021	541.688
78	99.8796	532.43	10	10	4.71029	2.75356	100.025	550.012	10	10	4.71476	5.89069	7.5168	-2.4174	96.5949	540.809	103.31	541.633
79	99.8796	532.43	10	10	4.71029	3.51729	100.025	550.012	10	10	4.71476	0.371237	7.5168	-2.4174	103.302	540.754	96.6021	541.688
80	99.8796	532.43	10	10	4.71029	2.75356	100.025	550.012	10	10	4.71476	5.89069	7.5168	-2.4174	96.5949	540.809	103.31	541.633
81	99.8796	532.43	10	10	4.71029	3.51729	100.025	550.012	10	10	4.71476	0.371237	7.5168	-2.4174	103.302	540.754	96.6021	541.688
82	99.8796	532.43	10	10	4.71029	2.75356	100.025	550.012	10	10	4.71476	5.89069	7.5168	-2.4174	96.5949	540.809	103.31	541.633
83	99.8796	532.43	10	10	4.71029	3.51729	100.025	550.012	10	10	4.71476	0.371237	7.5168	-2.4174	103.302	540.754	96.6021	541.688
84	99.8796	532.43	10	10	4.71029	2.75356	100.025	550.012	10	10	4.71476	5.89069	7.5168	-2.4174	96.5949	540.809	103.31	541.633
85	99.8796	532.43	10	10	4.71029	3.51729	100.025	550.012	10	10	4.71476	0.371237	7.5168	-2.4174	103.302	540.754	96.6021	541.688
86	99.8796	532.43	10	10	4.71029	2.75356	100.025	550.012	10	10	4.71476	5.89069	7.5168	-2.4174	96.5949	540.809	103.31	541.633
87	99.8796	532.43	10	10	4.71029	3.51729	100.025	550.012	10	10	4.71476	0.371237	7.5168	-2.4174	103.302	540.754	96.6021	541.688
88	99.8796	532.43	10	10	4.71029	2.75356	100.025	550.012	10	10	4.71476	5.89069	7.5168	-2.4174	96.5949	540.809	103.31	541.633
89	99.8796	532.43	10	10	4.71029	3.51729	100.025	550.012	10	10	4.71476	0.371237	7.5168	-2.4174	103.302	540.754	96.6021	541.688
90	99.8796	532.43	10	10	4.71029	2.75356	100.025	550.012	10	10	4.71476	5.89069	7.5168	-2.4174	96.5949	540.809	103.31	541.633
91	99.8796	532.43	10	10	4.71029	3.51729	100.025	550.012	10	10	4.71476	0.371237	7.5168	-2.4174	103.302	540.754	96.6021	541.688
92	99.8796	532.43	10	10	4.71029	2.75356	100.025	550.012	10	10	4.71476	5.89069	7.5168	-2.4174	96.5949	540.809	103.31	541.633
93	99.8796	532.43	10	10	4.71029	3.51729	100.025	550.012	10	10	4.71476	0.371237	7.5168	-2.4174	103.302	540.754	96.6021	541.688
94	99.8796	532.43	10	10	4.71029	2.75356	100.025	550.012	10	10	4.71476	5.89069	7.5168	-2.4174	96.5949	540.809	103.31	541.633
95	99.8796	532.43	10	10	4.71029	3.51729	100.025	550.012	10	10	4.71476	0.371237	7.5168	-2.4174	103.302	540.754	96.6021	541.688
96	99.8796	532.43	10	10	4.71029	2.75356	100.025	550.012	10	10	4.71476	5.89069	7.5168	-2.4174	96.5949	540.809	103.31	541.633
97	99.8796	532.43	10	10	4.71029	3.51729	100.025	550.012	10	10	4.71476	0.371237	7.5168	-2.4174	103.302	540.754	96.6021	541.688
98	99.8796	532.43	10	10	4.71029	2.75356	100.025	550.012	10	10	4.71476	5.89069	7.5168	-2.4174	96.5949	540.809	103.31	541.633
99	99.8796	532.43	10	10	4.71029	3.51729	100.025	550.012	10	10	4.71476	0.371237	7.5168	-2.4174	103.302	540.754	96.6021	541.688
1	99.8796	532.43	10	10	4.71029	3.51729	100.025	550.012	10	10	4.71476	0.371237	7.5168	-2.4174
0	100.024	549.705	10	10	4.71474	6.28189	99.8784	532.169	10	10	4.71025	3.12547	2.46244	-2.46337	100.046	540.705	99.8592	523.169
1	100.024	549.705	10	10	4.71474	6.27985	99.8784	532.169	10	10	4.71025	3.12536	2.46274	-2.46337	100.034	540.705	100.043	541.168
2	100.024	549.705	10	10	4.71474	6.27382	99.8784	532.169	10	10	4.71025	3.12108	2.46577	-2.46337	100.015	540.705	100.044	541.168
3	100.024	549.705	10	10	4.71474	6.24841	99.8784	532.169	10	10	4.71025	3.09731	2.53079	-2.46337	99.9612	540.705	100.082	541.167
4	100.024	549.705	10	10	4.71474	6.13802	99.8784	532.169	10	10	4.71025	2.98967	3.5974	-2.46337	99.7326	540.71	100.296	541.159
5	100.024	549.705	10	10	4.71474	0.613465	99.8784	532.169	10	10	4.71025	3.76472	11.8059	-2.46337	98.7434	540.797	101.26	541.063
6	100.024	549.705	10	10	4.71474	5.98168	99.8784	532.169	10	10	4.71025	2.84156	5.98583	-2.46337	105.223	542.358	94.6418	539.489
7	100.024	549.705	10	10	4.71474	0.435444	99.8784	532.169	10	10	4.71025	3.58283	8.65552	-2.46337	97.3719	541.105	102.557	540.761
8	100.024	549.705	10	10	4.71474	5.91278	99.8784	532.169	10	10	4.71025	2.77504	7.14472	-2.46337	103.84	541.554	96.0523	540.315
9	100.024	549.705	10	10	4.71474	0.392862	99.8784	532.169	10	10	4.71025	3.53924	7.90262	-2.46337	96.7862	541.308	103.122	540.564
10	100.024	549.705	10	10	4.71474	5.8921	99.8784	532.169	10	10	4.71025	2.75486	7.49884	-2.46337	103.489	541.399	96.4109	540.474
11	100.024	549.705	10	10	4.71474	0.381756	99.8784	532.169	10	10	4.71025	3.5279	7.70715	-2.46337	96.6132	541.377	103.291	540.497
12	100.024	549.705	10	10	4.71474	5.88635	99.8784	532.169	10	10	4.71025	2.74921	7.59789	-2.46337	103.397	541.361	96.5053	540.513
13	100.024	549.705	10	10	4.71474	0.378767	99.8784	532.169	10	10	4.71025	3.52486	7.6547	-2.46337	96.5653	541.396	103.338	540.478
14	100.024	549.705	10	10	4.71474	5.88478	99.8784	532.169	10	10	4.71025	2.74767	7.62502	-2.46337	103.372	541.351	96.5307	540.523
15	100.024	549.705	10	10	4.71474	0.377956	99.8784	532.169	10	10	4.71025	3.52404	7.64049	-2.46337	96.5523	541.402	103.351	540.472
16	100.024	549.705	10	10	4.71474	5.88435	99.8784	532.169	10	10	4.71025	2.74724	7.63242	-2.46337	103.365	541.348	96.5375	540.526
17	100.024	549.705	10	10	4.71474	0.377735	99.8784	532.169	10	10	4.71025	3.52382	7.63663	-2.46337	96.5487	541.403	103.354	540.471
18	100.024	549.705	10	10	4.71474	5.88423	99.8784	532.169	10	10	4.71025	2.74713	7.63443	-2.46337	103.363	541.347	96.5394	540.527
19	100.024	549.705	10	10	4.71474	0.377675	99.8784	532.169	10	10	4.71025	3.52376	7.63558	-2.46337	96.5478	541.404	103.355	540.471
20	100.024	549.705	10	10	4.71474	5.8842	99.8784	532.169	10	10	4.71025	2.7471	7.63498	-2.46337	103.363	541.347	96.5399	540.527
21	100.024	549.705	10	10	4.71474	0.377658	99.8784	532.169	10	10	4.71025	3.52374	7.63529	-2.46337	96.5475	541.404	103.355	540.47
22	100.024	549.705	10	10	4.71474	5.88419	99.8784	532.169	10	10	4.71025	2.74709	7.63513	-2.46337	103.363	541.347	96.5401	540.527
23	100.024	549.705	10	10	4.71474	0.377654	99.8784	532.169	10	10	4.71025	3.52374	7.63521	-2.46337	96.5474	541.404	103.355	540.47
24	100.024	549.705	10	10	4.71474	5.88419	99.8784	532.169	10	10	4.71025	2.74709	7.63517	-2.46337	103.363	541.347	96.5401	540.527
25	100.024	549.705	10	10	4.71474	0.377653	99.8784	532.169	10	10	4.71025	3.52374	7.63519	-2.46337	96.5474	541.404	103.355	540.47
26	100.024	549.705	10	10	4.71474	5.88419	99.8784	532.169	10	10	4.71025	2.74709	7.63518	-2.46337	103.363	541.347	96.5401	540.527
27	100.024	549.705	10	10	4.71474	0.377652	99.8784	532.169	10	10	4.71025	3.52374	7.63519	-2.46337	96.5474	541.404	103.355	540.47
28	100.024	549.705	10	10	4.71474	5.88419	99.8784	532.169	10	10	4.71025	2.74709	7.63518	-2.46337	103.363	541.347	96.5401	540.527
29	100.024	549.705	10	10	4.71474	0.377652	99.8784	532.169	10	10	4.71025	3.52374	7.63518	-2.46337	96.5474	541.404	103.355	540.47
30	100.024	549.705	10	10	4.71474	5.88419	99.8784	532.169	10	10	4.71025	2.74709	7.63518	-2.46337	103.363	541.347	96.5401	540.527
31	100.024	549.705	10	10	4.71474	0.377652	99.8784	532.169	10	10	4.71025	3.52374	7.63518	-2.46337	96.5474	541.404	103.355	540.47
32	100.024	549.705	10	10	4.71474	5.88419	99.8784	532.169	10	10	4.71025	2.74709	7.63518	-2.46337	103.363	541.347	96.5401	540.527
33	100.024	549.705	10	10	4.71474	0.377652	99.8784	532.169	10	10	4.71025	3.52374	7.63518	-2.46337	96.5474	541.404	103.355	540.47
34	100.024	549.705	10	10	4.71474	5.88419	99.8784	532.169	10	10	4.71025	2.74709	7.63518	-2.46337	103.363	541.347	96.5401	540.527
35	100.024	549.705	10	10	4.71474	0.377652	99.8784	532.169	10	10	4.71025	3.52374	7.63518	-2.46337	96.5474	541.404	103.355	540.47
36	100.024	549.705	10	10	4.71474	5.88419	99.8784	532.169	10	10	4.71025	2.74709	7.63518	-2.46337	103.363	541.347	96.5401	540.527
37	100.024	549.705	10	10	4.71474	0.377652	99.8784	532.169	10	10	4.71025	3.52374	7.63518	-2.46337	96.5474	541.404	103.355	540.47
38	100.024	549.705	10	10	4.71474	5.88419	99.8784	532.169	10	10	4.71025	2.74709	7.63518	-2.46337	103.363	541.347	96.5401	540.527
39	100.024	549.705	10	10	4.71474	0.377652	99.8784	532.169	10	10	4.71025	3.52374	7.63518	-2.46337	96.5474	541.404	103.355	540.47
40	100.024	549.705	10	10	4.71474	5.88419	99.8784	532.169	10	10	4.71025	2.74709	7.63518	-2.46337	103.363	541.347	96.5401	540.527
41	100.024	549.705	10	10	4.71474	0.377652	99.8784	532.169	10	10	4.71025	3.52374	7.63518	-2.46337	96.5474	541.404	103.355	540.47
42	100.024	549.705	10	10	4.71474	5.88419	99.8784	532.169	10	10	4.71025	2.74709	7.63518	-2.46337	103.363	541.347	96.5401	540.527
43	100.024	549.705	10	10	4.71474	0.377652	99.8784	532.169	10	10	4.71025	3.52374	7.63518	-2.46337	96.5474	541.404	103.355	540.47
44	100.024	549.705	10	10	4.71474	5.88419	99.8784	532.169	10	10	4.71025	2.74709	7.63518	-2.46337	103.363	541.347	96.5401	540.527
45	100.024	549.705	10	10	4.71474	0.377652	99.8784	532.169	10	10	4.71025	3.52374	7.63518	-2.46337	96.5474	541.404	103.355	540.47
46	100.024	549.705	10	10	4.71474	5.88419	99.8784	532.169	10	10	4.71025	2.74709	7.63518	-2.46337	103.363	541.347	96.5401	540.527
47	100.024	549.705	10	10	4.71474	0.377652	99.8784	532.169	10	10	4.71025	3.52374	7.63518	-2.46337	96.5474	541.404	103.355	540.47
48	100.024	549.705	10	10	4.71474	5.88419	99.8784	532.169	10	10	4.71025	2.74709	7.63518	-2.46337	103.363	541.347	96.5401	540.527
49	100.024	549.705	10	10	4.71474	0.377652	99.8784	532.169	10	10	4.71025	3.52374	7.63518	-2.46337	96.5474	541.404	103.355	540.47
50	100.024	549.705	10	10	4.71474	5.88419	99.8784	532.169	10	10	4.71025	2.74709	7.63518	-2.46337	103.363	541.347	96.5401	540.527
51	100.024	549.705	10	10	4.71474	0.377652	99.8784	532.169	10	10	4.71025	3.52374	7.63518	-2.46337	96.5474	541.404	103.355	540.47
52	100.024	549.705	10	10	4.71474	5.88419	99.8784	532.169	10	10	4.71025	2.74709	7.63518	-2.46337	103.363	541.347	96.5401	540.527
53	100.024	549.705	10	10	4.71474	0.377652	99.8784	532.169	10	10	4.71025	3.52374	7.63518	-2.46337	96.5474	541.404	103.355	540.47
54	100.024	549.705	10	10	4.71474	5.88419	99.8784	532.169	10	10	4.71025	2.74709	7.63518	-2.46337	103.363	541.347	96.5401	540.527
55	100.024	549.705	10	10	4.71474	0.377652	99.8784	532.169	10	10	4.71025	3.52374	7.63518	-2.46337	96.5474	541.404	103.355	540.47
56	100.024	549.705	10	10	4.71474	5.88419	99.8784	532.169	10	10	4.71025	2.74709	7.63518	-2.46337	103.363	541.347	96.5401	540.527
57	100.024	549.705	10	10	4.71474	0.377652	99.8784	532.169	10	10	4.71025	3.52374	7.63518	-2.46337	96.5474	541.404	103.355	540.47
58	100.024	549.705	10	10	4.71474	5.88419	99.8784	532.169	10	10	4.71025	2.74709	7.63518	-2.46337	103.363	541.347	96.5401	540.527
59	100.024	549.705	10	10	4.71474	0.377652	99.8784	532.169	10	10	4.71025	3.52374	7.63518	-2.46337	96.5474	541.404	103.355	540.47
60	100.024	549.705	10	10	4.71474	5.88419	99.8784	532.169	10	10	4.71025	2.74709	7.63518	-2.46337	103.363	541.347	96.5401	540.527
61	100.024	549.705	10	10	4.71474	0.377652	99.8784	532.169	10	10	4.71025	3.52374	7.63518	-2.46337	96.5474	541.404	103.355	540.47
62	100.024	549.705	10	10	4.71474	5.88419	99.8784	532.169	10	10	4.71025	2.74709	7.63518	-2.46337	103.363	541.347	96.5401	540.527
63	100.024	549.705	10	10	4.71474	0.377652	99.8784	532.169	10	10	4.71025	3.52374	7.63518	-2.46337	96.5474	541.404	103.355	540.47
64	100.024	549.705	10	10	4.71474	5.88419	99.8784	532.169	10	10	4.71025	2.74709	7.63518	-2.46337	103.363	541.347	96.5401	540.527
65	100.024	549.705	10	10	4.71474	0.377652	99.8784	532.169	10	10	4.71025	3.52374	7.63518	-2.46337	96.5474	541.404	103.355	540.47
66	100.024	549.705	10	10	4.71474	5.88419	99.8784	532.169	10	10	4.71025	2.74709	7.63518	-2.46337	103.363	541.347	96.5401	540.527
67	100.024	549.705	10	10	4.71474	0.377652	99.8784	532.169	10	10	4.71025	3.52374	7.63518	-2.46337	96.5474	541.404	103.355	540.47
68	100.024	549.705	10	10	4.71474	5.88419	99.8784	532.169	10	10	4.71025	2.74709	7.63518	-2.46337	103.363	541.347	96.5401	540.527
69	100.024	549.705	10	10	4.71474	0.377652	99.8784	532.169	10	10	4.71025	3.52374	7.63518	-2.46337	96.5474	541.404	103.355	540.47
70	100.024	549.705	10	10	4.71474	5.88419	99.8784	532.169	10	10	4.71025	2.74709	7.63518	-2.46337	103.363	541.347	96.5401	540.527
71	100.024	549.705	10	10	4.71474	0.377652	99.8784	532.169	10	10	4.71025	3.52374	7.63518	-2.46337	96.5474	541.404	103.355	540.47
72	100.024	549.705	10	10	4.71474	5.88419	99.8784	532.169	10	10	4.71025	2.74709	7.63518	-2.46337	103.363	541.347	96.5401	540.527
73	100.024	549.705	10	10	4.71474	0.377652	99.8784	532.169	10	10	4.71025	3.52374	7.63518	-2.46337	96.5474	541.404	103.355	540.47
74	100.024	549.705	10	10	4.71474	5.88419	99.8784	532.169	10	10	4.71025	2.74709	7.63518	-2.46337	103.363	541.347	96.5401	540.527
75	100.024	549.705	10	10	4.71474	0.377652	99.8784	532.169	10	10	4.71025	3.52374	7.63518	-2.46337	96.5474	541.404	103.355	540.47
76	100.024	549.705	10	10	4.71474	5.88419	99.8784	532.169	10	10	4.71025	2.74709	7.63518	-2.46337	103.363	541.347	96.5401	540.527
77	100.024	549.705	10	10	4.71474	0.377652	99.8784	532.169	10	10	4.71025	3.52374	7.63518	-2.46337	96.5474	541.404	103.355	540.47
78	100.024	549.705	10	10	4.71474	5.88419	99.8784	532.169	10	10	4.71025	2.74709	7.63518	-2.46337	103.363	541.347	96.5401	540.527
79	100.024	549.705	10	10	4.71474	0.377652	99.8784	532.169	10	10	4.71025	3.52374	7.63518	-2.46337	96.5474	541.404	103.355	540.47
80	100.024	549.705	10	10	4.71474	5.88419	99.8784	532.169	10	10	4.71025	2.74709	7.63518	-2.46337	103.363	541.347	96.5401	540.527
81	100.024	549.705	10	10	4.71474	0.377652	99.8784	532.169	10	10	4.71025	3.52374	7.63518	-2.46337	96.5474	541.404	103.355	540.47
82	100.024	549.705	10	10	4.71474	5.88419	99.8784	532.169	10	10	4.71025	2.74709	7.63518	-2.46337	103.363	541.347	96.5401	540.527
83	100.024	549.705	10	10	4.71474	0.377652	99.8784	532.169	10	10	4.71025	3.52374	7.63518	-2.46337	96.5474	541.404	103.355	540.47
84	100.024	549.705	10	10	4.71474	5.88419	99.8784	532.169	10	10	4.71025	2.74709	7.63518	-2.46337	103.363	541.347	96.5401	540.527
85	100.024	549.705	10	10	4.71474	0.377652	99.8784	532.169	10	10	4.71025	3.52374	7.63518	-2.46337	96.5474	541.404	103.355	540.47
86	100.024	549.705	10	10	4.71474	5.88419	99.8784	532.169	10	10	4.71025	2.74709	7.63518	-2.46337	103.363	541.347	96.5401	540.527
87	100.024	549.705	10	10	4.71474	0.377652	99.8784	532.169	10	10	4.71025	3.52374	7.63518	-2.46337	96.5474	541.404	103.355	540.47
88	100.024	549.705	10	10	4.71474	5.88419	99.8784	532.169	10	10	4.71025	2.74709	7.63518	-2.46337	103.363	541.347	96.5401	540.527
89	100.024	549.705	10	10	4.71474	0.377652	99.8784	532.169	10	10	4.71025	3.52374	7.63518	-2.46337	96.5474	541.404	103.355	540.47
90	100.024	549.705	10	10	4.71474	5.88419	99.8784	532.169	10	10	4.71025	2.74709	7.63518	-2.46337	103.363	541.347	96.5401	540.527
91	100.024	549.705	10	10	4.71474	0.377652	99.8784	532.169	10	10	4.71025	3.52374	7.63518	-2.46337	96.5474	541.404	103.355	540.47
92	100.024	549.705	10	10	4.71474	5.88419	99.8784	532.169	10	10	4.71025	2.74709	7.63518	-2.46337	103.363	541.347	96.5401	540.527
93	100.024	549.705	10	10	4.71474	0.377652	99.8784	532.169	10	10	4.71025	3.52374	7.63518	-2.46337	96.5474	541.404	103.355	540.47
94	100.024	549.705	10	10	4.71474	5.88419	99.8784	532.169	10	10	4.71025	2.74709	7.63518	-2.46337	103.363	541.347	96.5401	540.527
95	100.024	549.705	10	10	4.71474	0.377652	99.8784	532.169	10	10	4.71025	3.52374	7.63518	-2.46337	96.5474	541.404	103.355	540.47
96	100.024	549.705	10	10	4.71474	5.88419	99.8784	532.169	10	10	4.71025	2.74709	7.63518	-2.46337	103.363	541.347	96.5401	540.527
97	100.024	549.705	10	10	4.71474	0.377652	99.8784	532.169	10	10	4.71025	3.52374	7.63518	-2.46337	96.5474	541.404	103.355	540.47
98	100.024	549.705	10	10	4.71474	5.88419	99.8784	532.169	10	10	4.71025	2.74709	7.63518	-2.46337	103.363	541.347	96.5401	540.527
99	100.024	549.705	10	10	4.71474	0.377652	99.8784	532.169	10	10	4.71025	3.52374	7.63518	-2.46337	96.5474	541.404	103.355	540.47